from_totally_fake_account,total_transactions,average_transaction_amount
1000,181,15.604088397790056
1006,173,11.454682080924856
1087,179,7.330949720670391
1133,126,15.678809523809523
1174,123,13.188373983739838
1186,126,15.432222222222222
1189,128,12.45140625
1323,125,15.28256
1382,129,13.532635658914728
1433,134,14.519402985074626
1460,174,10.152988505747127
1490,169,14.031715976331363
1505,130,12.68876923076923
1507,204,13.442549019607844
1563,187,12.570427807486631
1569,171,11.155263157894737
1615,164,15.681097560975608
1631,190,8.495473684210527
1642,158,12.165316455696201
1644,170,12.243470588235294
1697,209,8.863588516746411
1703,211,10.212132701421803
1730,165,9.472666666666667
1793,139,15.011726618705037
1799,149,14.509932885906041
1808,161,16.511801242236025
1828,130,16.75976923076923
1835,128,12.491171875
1838,122,16.160819672131147
1910,165,8.894242424242425
1931,173,9.33364161849711
2076,200,16.270899999999997
2100,173,10.984566473988439
2108,166,12.6544578313253
2116,175,7.241999999999999
2126,125,15.02848
2137,190,12.508526315789473
2152,143,10.3
2213,124,14.296209677419355
2214,130,15.794846153846153
2236,167,14.73311377245509
2260,151,11.536092715231788
2274,192,9.368020833333334
2288,155,13.446451612903225
2315,180,13.660277777777777
2331,301,13.316179401993356
2390,191,11.378062827225131
2440,123,12.890569105691057
2518,222,11.10572072072072
2574,140,9.2915
2632,143,9.724405594405594
2641,188,11.723882978723404
2647,193,12.694300518134716
2663,180,11.205333333333334
2677,122,15.286229508196723
2711,160,12.067375
2760,167,14.038622754491017
2767,164,9.367560975609756
2771,223,13.83695067264574
2778,171,13.819883040935672
2779,164,12.856463414634147
2817,213,7.472018779342723
2862,214,15.011168224299064
2910,154,16.71155844155844
2987,142,12.156830985915493
3017,196,11.673673469387754
3143,228,9.261008771929825
3217,140,15.809071428571428
3226,176,16.695511363636367
3269,189,8.72968253968254
3296,191,13.151937172774868
3317,142,9.807253521126759
3395,148,13.952162162162162
3431,128,15.121796875
3498,155,15.915290322580644
3580,173,11.154913294797687
3615,134,15.74544776119403
3638,175,12.0644
3650,174,9.437183908045977
3868,175,15.001428571428571
3890,174,10.212528735632183
3896,151,16.63066225165563
3939,178,13.571460674157303
4009,153,11.490980392156862
4021,176,10.510852272727274
4044,148,12.714527027027026
4107,126,14.844126984126985
4206,197,15.944111675126903
4265,133,16.724962406015038
4279,222,11.591126126126126
4305,177,11.229604519774012
4313,162,16.215864197530863
4343,130,13.155307692307693
4403,124,11.590483870967741
4416,189,7.889365079365079
4463,171,11.934736842105265
4516,182,8.35032967032967
4526,198,15.483282828282828
4555,188,8.439202127659573
4572,128,11.782109375
4585,184,9.211195652173913
4623,184,9.309891304347826
4710,176,15.275852272727274
4717,183,15.638852459016393
4731,162,17.092654320987656
4767,164,11.918902439024391
4809,170,15.758764705882351
4819,125,16.7924
4823,150,14.866933333333334
4832,122,15.29172131147541
4888,189,15.29952380952381
4898,141,6.322553191489362
4930,122,12.644590163934428
5001,177,16.021694915254237
5093,131,11.45648854961832
5108,179,13.92
5119,166,16.694156626506025
5173,122,17.138196721311477
5174,159,11.83125786163522
5215,165,12.031818181818181
5283,160,12.66875
5289,204,11.271127450980392
5291,138,14.454202898550726
5298,206,10.681019417475728
5319,174,10.049655172413793
5357,195,11.870717948717948
5462,140,15.351785714285715
5486,173,12.262543352601156
5511,152,10.919605263157894
5514,204,8.466666666666667
5522,195,9.364820512820513
5525,138,11.632826086956522
5671,130,15.742076923076922
5679,126,16.94690476190476
5701,184,8.141847826086956
5805,206,10.38611650485437
5844,139,13.463669064748201
5852,145,14.856068965517242
5853,151,13.31476821192053
5941,160,8.255812500000001
5960,185,11.067081081081081
5984,176,11.133863636363635
6010,137,14.880437956204378
6016,124,11.543145161290322
6053,167,14.027305389221556
6058,178,11.178426966292134
6059,129,11.340077519379847
6094,123,17.10211382113821
6154,193,10.575077720207254
6233,182,10.409010989010989
6302,122,16.27950819672131
6315,136,14.74375
6339,136,16.048455882352943
6347,164,10.1075
6360,175,12.083885714285714
6362,124,12.774435483870967
6431,126,13.748333333333333
6459,194,9.357731958762887
6468,130,13.594384615384616
6517,152,14.025263157894738
6518,208,14.186874999999999
6540,195,11.346051282051283
6563,163,8.995398773006135
6575,123,13.278373983739838
6616,210,10.919428571428572
6653,156,13.55352564102564
6677,151,12.31543046357616
6782,144,11.517430555555556
6829,144,11.313472222222224
6842,134,11.81962686567164
6919,166,8.953012048192772
6947,177,12.164124293785312
7014,192,13.716979166666667
7020,183,15.645573770491803
7059,154,16.14142857142857
7088,175,9.756628571428571
7120,165,13.707454545454546
7129,126,17.22531746031746
7150,124,12.500967741935485
7170,138,13.29731884057971
7192,172,11.629767441860464
7234,157,9.747515923566878
7235,185,16.224216216216217
7248,185,8.146756756756757
7300,158,14.01613924050633
7301,187,10.283155080213904
7310,198,9.020909090909091
7312,156,14.757884615384615
7330,198,11.723585858585858
7389,129,15.729922480620155
7395,188,12.052340425531916
7453,219,12.773196347031963
7472,179,16.87296089385475
7475,155,11.088064516129032
7485,172,14.950406976744187
7550,178,15.400056179775282
7664,125,10.82048
7831,156,15.484935897435898
7851,184,10.41054347826087
7877,151,16.246423841059602
7964,188,9.322180851063829
7984,130,13.034307692307692
8058,159,9.487735849056603
8059,145,16.126965517241377
8094,150,12.273733333333332
8144,133,13.838947368421053
8164,201,10.666019900497512
8232,155,11.98741935483871
8267,187,11.259625668449198
8334,170,13.608941176470589
8438,143,12.665944055944056
8473,172,13.22906976744186
8506,185,16.954216216216217
8556,126,13.101190476190476
8633,186,14.618118279569892
8655,139,14.903812949640288
8682,148,13.334391891891892
8691,162,15.02901234567901
8801,151,17.163311258278146
8815,143,11.486783216783216
8968,144,9.684861111111111
9022,127,14.941181102362204
9041,217,11.002119815668204
9088,126,12.637619047619047
9186,146,9.963287671232877
9189,130,17.084846153846154
9218,159,12.004025157232704
9347,206,9.515533980582525
9360,183,11.265573770491804
9381,141,14.665177304964539
9399,160,11.6599375
9407,135,15.940962962962965
9480,184,10.229510869565217
9499,142,12.524718309859155
9508,165,14.38739393939394
9579,191,11.14785340314136
9600,163,8.662638036809815
9687,134,12.816268656716419
9724,196,10.28265306122449
9869,230,11.795652173913043
9880,148,15.652702702702703
9916,205,7.359365853658536
9925,180,12.548722222222223
9983,171,12.144912280701755
10004,187,9.48951871657754
10145,239,8.073347280334728
10179,180,10.250444444444444
10253,181,10.058066298342542
10259,170,13.337588235294117
10356,185,10.107945945945946
10371,180,13.2895
10402,126,14.652857142857142
10485,223,8.850627802690584
10514,178,12.982191011235955
10538,163,11.819325153374233
10581,186,11.212096774193547
10634,132,14.700833333333334
10636,130,15.097923076923077
10709,169,8.150532544378699
10794,145,14.938689655172414
10813,198,12.314595959595959
10826,216,10.031898148148148
10866,170,11.82170588235294
11054,126,10.59595238095238
11056,150,12.228066666666667
11057,152,9.061842105263159
11096,192,8.20890625
11111,131,11.909236641221373
11120,156,15.769102564102564
11124,126,16.05936507936508
11143,200,9.29205
11167,128,16.793515625
11171,212,10.10443396226415
11177,185,14.880486486486486
11182,175,11.976057142857142
11202,196,7.134693877551021
11232,205,9.117902439024391
11239,164,13.147621951219513
11303,124,16.520564516129035
11314,217,16.513271889400922
11420,123,16.855040650406504
11426,170,16.886058823529414
11448,177,14.411977401129944
11454,153,12.420784313725491
11494,129,15.007984496124031
11505,174,13.866494252873563
11550,170,6.331117647058823
11559,138,15.215579710144928
11563,130,15.973615384615385
11648,140,15.151142857142856
11756,176,16.046363636363637
11762,164,13.058841463414634
11765,157,11.092866242038216
11821,201,13.046318407960198
11827,160,16.8766875
11964,128,16.805625
11988,136,9.317720588235295
12035,179,11.766927374301675
12060,170,12.250529411764706
12148,135,13.561629629629628
12229,138,13.152028985507247
12259,151,8.766754966887417
12316,142,14.498028169014082
12356,146,17.025205479452055
12378,181,8.756243093922652
12384,144,12.334027777777777
12387,173,10.238901734104045
12407,182,8.828461538461537
12501,168,14.10482142857143
12542,177,9.990621468926554
12585,168,13.785357142857142
12649,180,12.911166666666668
12733,174,7.304425287356322
12774,260,14.538846153846153
12781,133,13.75406015037594
12818,150,14.640066666666666
12913,189,11.731534391534392
12971,176,12.09875
12988,133,16.72270676691729
13001,147,10.676802721088436
13054,142,15.938098591549297
13069,262,12.60087786259542
13148,164,10.249573170731708
13152,195,10.795948717948718
13219,195,11.640051282051282
13243,154,12.287077922077922
13252,218,11.667018348623852
13311,169,16.964437869822486
13375,174,13.665344827586207
13502,199,9.905929648241205
13508,125,16.43608
13633,198,11.467525252525254
13798,178,10.157191011235955
13865,135,12.333333333333334
13881,161,13.459565217391303
13904,144,5.7931944444444445
13977,130,16.94253846153846
14040,188,11.741117021276596
14069,194,11.535463917525774
14101,127,15.859133858267716
14139,144,15.591111111111111
14154,122,15.88139344262295
14190,141,13.666524822695036
14214,246,17.19930894308943
14272,174,9.415229885057471
14420,172,11.519186046511628
14426,149,13.658322147651006
14448,144,14.128888888888888
14458,146,13.079863013698631
14460,227,9.650176211453745
14467,234,8.267905982905983
14534,131,12.373282442748092
14543,128,13.361953125
14556,160,15.008750000000001
14563,167,13.805029940119761
14577,239,8.68121338912134
14593,160,12.826125
14769,139,16.749496402877696
14788,165,10.394545454545455
14837,186,9.833548387096775
14877,261,10.396819923371648
14879,165,15.13460606060606
14899,142,9.795704225352113
14935,148,7.300675675675675
15078,160,9.339437499999999
15083,175,15.530742857142858
15148,169,11.546508875739644
15165,187,12.231069518716577
15184,132,16.449242424242424
15197,185,14.008000000000001
15214,134,17.029701492537313
15239,156,14.302884615384615
15240,123,14.41430894308943
15258,180,15.892833333333334
15274,161,10.269565217391305
15277,128,11.911328125
15320,166,12.539096385542168
15347,147,13.67795918367347
15354,165,14.331818181818182
15418,186,14.95510752688172
15424,125,13.37152
15438,127,14.26992125984252
15444,137,13.12153284671533
15468,184,11.00282608695652
15471,203,10.671724137931035
15501,131,9.719999999999999
15597,128,14.743359375
15618,157,12.542292993630573
15711,178,16.200898876404494
15823,178,15.66185393258427
15829,165,11.267454545454546
15838,145,14.251379310344829
15896,190,14.417368421052632
15911,204,8.86906862745098
15929,152,13.779868421052631
15935,170,14.424882352941177
15944,184,10.83820652173913
15975,172,13.205058139534884
16007,231,13.23961038961039
16016,192,15.593385416666665
16034,196,13.242551020408163
16105,135,12.246518518518519
16155,171,11.69140350877193
16187,174,10.106954022988505
16210,224,8.498928571428571
16247,152,11.275855263157895
16249,195,7.360461538461538
16275,159,12.442830188679245
16291,194,12.168505154639176
16299,222,9.989054054054055
16357,153,9.34529411764706
16392,122,15.641639344262295
16419,131,11.995648854961832
16469,141,15.139645390070923
16475,124,15.329193548387096
16544,133,16.83872180451128
16588,145,17.176896551724138
16709,212,10.080801886792454
16731,209,13.73181818181818
16739,157,11.944140127388534
16751,170,9.96
16753,185,12.39291891891892
16779,160,12.304
16784,200,13.194949999999999
16802,137,16.723357664233575
16817,180,10.3715
16834,168,11.722738095238096
16870,145,16.157999999999998
16902,145,13.545310344827586
16918,234,9.882564102564103
16944,149,15.639664429530201
16986,156,15.327371794871796
16993,212,8.134811320754716
17004,154,9.584090909090909
17016,186,9.396612903225806
17025,123,13.182845528455285
17027,198,12.409090909090908
17034,196,10.520663265306123
17041,182,10.042912087912088
17052,161,7.406645962732919
17158,220,7.436318181818182
17161,125,9.4976
17185,149,13.352013422818793
17191,141,11.235106382978724
17225,165,17.06630303030303
17328,199,8.88321608040201
17382,153,11.790588235294118
17419,186,17.093440860215054
17434,141,10.813900709219858
17479,184,12.037336956521738
17487,149,8.8051677852349
17526,182,13.476813186813187
17555,199,11.59708542713568
17608,209,11.001052631578949
17622,205,9.02239024390244
17624,167,14.577724550898203
17662,187,14.649411764705883
17707,218,11.374633027522936
17717,178,11.849775280898877
17730,133,15.900526315789474
17744,171,10.958830409356725
17750,163,13.821779141104294
17763,165,14.229999999999999
17765,145,13.527793103448275
17769,141,12.577517730496455
17844,131,13.45618320610687
17857,191,12.64916230366492
17946,209,11.41980861244019
18035,156,12.037051282051282
18061,142,15.628309859154932
18114,129,16.053565891472868
18153,163,13.641042944785275
18164,126,14.405396825396824
18199,171,11.382748538011697
18405,171,10.874327485380118
18528,174,15.144137931034482
18555,230,10.591695652173915
18602,196,14.722857142857142
18634,224,10.427276785714286
18666,169,9.081479289940829
18732,134,10.121716417910447
18754,130,12.332461538461539
18758,168,11.663809523809524
18788,170,12.646235294117648
18793,140,7.293285714285714
18836,136,15.097279411764706
18840,129,15.243410852713179
18852,172,10.27982558139535
18860,191,16.26214659685864
18865,222,13.786351351351351
18881,173,9.926589595375722
18882,182,10.26423076923077
19015,130,12.73023076923077
19143,129,13.731472868217054
19207,162,9.756296296296297
19212,143,13.045034965034965
19214,190,10.303368421052632
19245,185,14.734756756756756
19268,175,12.551314285714286
19325,122,13.754918032786884
19327,146,13.316232876712327
19370,212,12.502924528301886
19429,217,9.55188940092166
19519,164,14.369817073170733
19545,197,12.191421319796955
19561,148,14.388378378378379
19566,144,16.296319444444446
19608,135,15.267111111111111
19633,143,13.848951048951047
19641,128,12.9453125
19672,165,16.738424242424244
19676,157,6.914140127388535
19680,124,10.927016129032259
19744,171,8.89327485380117
19758,168,17.11732142857143
19761,196,16.447448979591837
19816,218,9.483165137614678
19841,182,12.974450549450548
19878,214,12.708691588785046
19884,173,10.544797687861271
19936,140,15.424785714285713
19947,150,8.155800000000001
19993,171,11.769766081871344
20003,156,15.444871794871796
20005,171,11.723391812865497
20011,131,11.430992366412214
20017,164,16.832865853658536
20076,148,15.61587837837838
20089,185,7.839081081081082
20099,133,13.528872180451128
20100,178,9.382696629213482
20133,155,9.467548387096775
20147,144,10.311666666666666
20251,165,15.381030303030302
20253,164,13.887865853658537
20304,162,8.374506172839506
20388,139,16.73165467625899
20424,149,13.70973154362416
20431,201,10.74089552238806
20434,128,12.7653125
20505,159,11.01559748427673
20568,174,15.20764367816092
20575,156,15.446538461538461
20594,172,9.889825581395348
20724,147,14.961972789115645
20729,153,11.018235294117646
20755,131,16.533206106870228
20756,168,16.978452380952383
20764,185,10.298540540540541
20772,187,9.097379679144385
20791,198,11.863282828282827
20801,217,10.17958525345622
20804,174,12.105574712643678
20823,142,15.256901408450704
20841,129,16.507286821705428
20911,169,13.254615384615386
20912,124,14.89258064516129
20916,125,12.324879999999999
20921,164,15.859756097560975
20952,151,16.61927152317881
20981,165,11.667696969696971
20984,188,15.206063829787233
21000,127,16.273464566929135
21006,212,12.98316037735849
21066,181,7.3914917127071815
21075,193,14.450880829015544
21087,160,17.2483125
21101,157,15.0028025477707
21153,123,12.067560975609755
21159,137,12.662481751824817
21222,196,13.431224489795918
21230,165,12.776545454545456
21237,128,16.845234375
21299,123,14.760325203252032
21321,188,12.67218085106383
21353,157,11.288917197452228
21368,122,12.061803278688524
21385,178,14.388988764044942
21435,154,13.564350649350649
21507,181,10.917016574585636
21515,123,16.031219512195122
21532,187,11.843101604278074
21555,141,12.429290780141844
21563,180,11.149277777777778
21583,171,9.934093567251463
21593,145,16.176758620689657
21603,155,11.82083870967742
21631,124,10.935967741935483
21655,158,13.597911392405061
21667,200,10.641449999999999
21686,199,6.5419597989949745
21802,172,12.269476744186045
21826,142,14.383802816901408
21859,168,12.069404761904762
21920,153,13.403856209150327
21922,192,10.900885416666666
21928,161,17.04248447204969
21937,189,10.568359788359789
22020,156,7.852307692307693
22033,203,10.644827586206898
22106,207,9.280869565217392
22121,214,13.202196261682243
22181,126,16.733571428571427
22188,149,9.981744966442953
22253,136,10.343676470588235
22275,180,9.67361111111111
22291,155,11.86883870967742
22314,191,12.279476439790576
22418,181,15.113756906077349
22425,202,13.876485148514853
22506,169,10.012071005917159
22520,187,9.350213903743315
22567,161,11.033975155279503
22725,158,14.672721518987341
22749,153,13.857189542483662
22814,174,12.64764367816092
22824,177,14.250282485875708
22835,141,16.400425531914895
22861,178,9.755168539325844
22873,147,15.637551020408162
22877,209,14.646842105263158
22917,159,9.925786163522012
22984,143,12.614475524475525
23000,178,9.183764044943821
23007,142,11.940915492957748
23019,170,12.26870588235294
23067,130,13.621230769230769
23076,146,15.70095890410959
23086,198,11.876515151515152
23110,158,13.372341772151898
23234,250,10.08424
23275,180,8.868555555555556
23369,204,8.279166666666667
23387,194,11.17438144329897
23502,154,13.120000000000001
23521,164,8.028353658536586
23585,187,8.134491978609626
23637,149,12.608456375838927
23652,123,14.818943089430894
23718,237,9.881518987341773
23727,261,9.425249042145593
23733,176,13.99909090909091
23748,212,12.770471698113209
23819,152,13.976776315789472
23849,144,13.948541666666666
23872,146,16.32972602739726
23896,132,13.330606060606062
23969,152,11.04967105263158
23970,185,10.937027027027028
23978,146,14.74191780821918
23981,183,12.424535519125683
23982,159,12.194213836477989
24009,155,6.759935483870968
24030,173,10.669132947976879
24033,227,7.477224669603524
24035,163,10.288098159509202
24095,186,9.545
24185,131,15.257404580152672
24193,142,16.544999999999998
24198,230,10.964304347826086
24202,141,8.920283687943263
24230,192,13.126614583333334
24232,137,12.824379562043797
24247,229,11.956812227074236
24252,189,14.662169312169313
24271,136,14.037132352941176
24278,152,13.105723684210526
24343,171,11.758479532163744
24375,156,9.242820512820511
24441,154,7.921948051948052
24449,127,16.34267716535433
24540,140,15.359714285714286
24575,185,10.099675675675677
24600,179,12.669776536312849
24618,206,10.455242718446604
24658,128,16.356640625
24663,176,10.037329545454545
24698,238,8.356470588235293
24719,156,10.493397435897435
24731,149,15.846375838926175
24739,136,12.64860294117647
24757,158,13.977911392405066
24842,172,9.31296511627907
24882,156,11.339423076923078
24890,171,10.363216374269005
24903,147,17.048163265306123
24954,187,11.49245989304813
24990,127,15.591811023622048
25032,127,16.068188976377954
25040,127,15.37984251968504
25046,170,14.690176470588234
25106,143,14.051958041958043
25125,131,17.216183206106873
25192,126,12.538095238095238
25210,146,8.297465753424659
25212,212,12.227971698113207
25253,166,12.563433734939757
25286,173,10.942774566473988
25304,159,12.814654088050315
25362,133,12.136015037593983
25365,137,14.347226277372263
25412,122,14.150573770491802
25415,158,14.304367088607595
25429,168,8.825238095238095
25451,204,7.607990196078431
25480,173,16.971907514450866
25505,153,16.464052287581698
25518,126,9.076746031746032
25551,131,16.38977099236641
25574,160,13.543437500000001
25594,126,13.390634920634922
25630,190,8.102368421052631
25654,131,16.93870229007634
25657,165,11.17260606060606
25696,168,11.425416666666667
25711,187,13.630641711229945
25714,166,10.380481927710845
25716,181,13.94121546961326
25718,195,8.930307692307693
25756,129,15.648372093023255
25758,126,12.912857142857142
25779,124,14.027903225806451
25807,138,15.239492753623189
25812,132,13.374621212121212
25859,179,8.247597765363128
25906,139,17.182086330935253
25908,170,10.519117647058824
25975,216,9.458935185185185
25997,191,8.821780104712042
26052,177,15.920564971751412
26061,193,12.962797927461141
26091,167,8.34508982035928
26149,142,14.126478873239437
26173,192,11.101770833333333
26439,140,15.508642857142858
26464,135,11.930814814814815
26523,182,9.969835164835164
26534,155,13.932580645161291
26536,144,10.593958333333333
26568,222,10.500405405405406
26652,143,13.18867132867133
26819,123,16.861626016260164
26846,155,11.410967741935485
26847,128,11.553749999999999
26890,222,8.469324324324324
26969,154,9.722467532467533
27035,127,11.995826771653544
27135,131,16.348320610687022
27292,127,11.679842519685039
27342,184,12.425597826086957
27399,214,7.63158878504673
27406,172,8.20843023255814
27575,176,16.90284090909091
27661,194,9.212835051546392
27678,184,15.190163043478263
27697,175,14.264457142857143
27700,158,11.773354430379747
27704,174,10.836436781609196
27784,138,12.39586956521739
27867,183,11.520546448087433
27887,151,12.032516556291391
27983,223,7.989282511210762
28085,128,15.685703125
28234,133,15.727518796992483
28242,181,11.081270718232044
28272,134,14.139701492537313
28316,188,14.521755319148937
28386,147,11.412244897959184
28420,191,11.28539267015707
28441,146,13.501164383561644
28476,170,11.949235294117646
28513,198,15.038939393939394
28521,164,11.015
28542,132,15.32
28559,177,16.340847457627117
28582,179,16.16877094972067
28603,162,8.617222222222223
28676,162,10.503086419753087
28690,131,15.790687022900762
28750,184,15.437391304347827
28776,200,10.2969
28887,140,15.714214285714288
28972,178,10.940842696629213
29008,181,9.703591160220993
29030,122,12.233032786885246
29038,175,14.666171428571428
29051,189,12.151798941798942
29058,160,13.8553125
29198,163,14.48245398773006
29202,150,14.520666666666665
29240,200,13.73565
29245,165,9.859030303030304
29259,123,16.243658536585365
29264,136,13.976764705882353
29303,133,16.66
29305,128,12.7125
29403,241,10.06817427385892
29439,146,15.01554794520548
29460,230,10.271652173913044
29707,138,14.387898550724637
29708,168,16.874761904761904
29764,208,9.602596153846154
29798,196,17.05311224489796
29810,131,16.185648854961833
29859,138,14.070797101449275
29869,127,14.087559055118112
29922,173,14.399479768786128
29934,155,13.835096774193548
30040,142,12.774366197183099
30050,180,12.690333333333335
30053,136,12.06529411764706
30122,190,14.615736842105262
30129,129,12.571162790697676
30158,161,11.062049689440993
30198,155,11.848322580645162
30277,125,12.1908
30279,153,17.162091503267973
30292,176,13.873181818181818
30311,174,9.797471264367816
30342,166,12.346204819277107
30365,157,11.989490445859872
30430,170,9.922470588235294
30475,196,8.510867346938776
30508,154,16.109610389610392
30536,180,9.069111111111111
30605,193,12.62979274611399
30673,128,10.999609375
30728,168,17.022976190476193
30760,191,15.079528795811518
30885,144,15.781180555555558
30894,151,16.002119205298015
30962,204,12.053823529411765
30986,178,15.515168539325842
31002,174,12.883275862068967
31043,179,13.957877094972067
31134,139,9.143884892086332
31140,198,8.643939393939394
31155,180,12.721055555555555
31243,142,11.242957746478874
31249,224,13.852500000000001
31299,207,10.634975845410628
31329,158,13.953101265822786
31354,131,16.725801526717557
31418,146,11.937260273972603
31467,183,13.212021857923498
31489,122,15.870409836065575
31502,210,9.540714285714285
31514,136,11.160514705882353
31551,237,9.381603375527426
31562,142,15.027042253521127
31650,203,15.11694581280788
31686,162,8.580246913580247
31726,187,10.651550802139038
31792,164,12.613597560975611
31814,135,11.169851851851853
31840,157,15.741273885350319
31898,146,16.339383561643835
31949,185,11.737135135135135
31957,163,12.417484662576687
31974,167,9.388323353293412
32016,150,9.028866666666666
32075,131,14.035648854961833
32108,149,11.593221476510069
32112,122,14.153934426229508
32131,127,12.635275590551181
32150,137,16.836715328467154
32166,185,12.781675675675677
32186,178,15.459494382022472
32197,157,13.53687898089172
32221,141,15.040921985815602
32242,132,15.424393939393939
32333,191,8.25696335078534
32345,172,11.884127906976744
32382,211,9.885355450236966
32387,140,16.74742857142857
32402,124,7.122016129032258
32413,129,16.775116279069767
32418,228,13.109649122807017
32437,128,11.706640625
32452,161,14.056211180124224
32491,133,10.60827067669173
32516,132,12.663863636363635
32521,187,12.53390374331551
32534,136,11.412426470588235
32541,230,15.048565217391305
32635,222,12.161261261261263
32641,169,8.829881656804734
32760,146,14.16349315068493
32767,160,13.358500000000001
32768,135,16.95740740740741
32808,128,14.392421875
32827,227,9.467973568281938
32832,147,13.362993197278913
32858,150,13.5184
32865,133,12.620075187969926
32988,166,14.436204819277108
32998,179,15.312067039106147
33065,128,13.83734375
33082,138,14.678985507246377
33086,188,16.86787234042553
33121,242,9.637809917355371
33257,131,12.48916030534351
33270,132,13.81189393939394
33335,124,11.764354838709677
33443,150,9.460333333333333
33486,175,12.480514285714287
33512,128,14.537265625
33549,155,12.65374193548387
33557,176,12.150454545454545
33571,183,11.546338797814208
33583,141,13.953191489361704
33633,213,13.56206572769953
33710,211,12.15047393364929
33714,132,16.596969696969698
33732,199,9.934974874371859
33799,153,12.723006535947711
33814,127,11.410472440944881
33882,137,12.675401459854015
33899,215,8.708232558139535
33917,164,13.009878048780488
33923,178,13.875056179775282
34055,132,16.162424242424244
34097,175,11.096
34123,157,13.404140127388533
34128,148,11.65087837837838
34136,165,13.322181818181818
34144,219,16.018447488584474
34168,140,15.352000000000002
34196,157,12.499554140127389
34263,145,16.815793103448275
34532,145,16.53986206896552
34533,193,12.527720207253886
34542,123,12.581707317073171
34568,151,15.133443708609272
34573,143,16.97055944055944
34672,125,14.812719999999999
34678,141,13.209999999999999
34689,177,9.008305084745762
34698,135,16.98762962962963
34721,149,14.61275167785235
34748,222,11.514279279279279
34772,178,12.428988764044945
34785,188,15.179521276595745
34797,130,15.107384615384616
34808,188,16.828617021276596
34861,158,12.370696202531645
35011,176,12.906988636363637
35013,178,10.67443820224719
35020,171,12.411286549707603
35038,159,10.572075471698113
35121,132,13.838409090909092
35148,193,10.294455958549223
35159,193,12.815284974093263
35166,221,8.79475113122172
35177,133,13.318045112781954
35180,168,11.779464285714287
35190,250,14.6882
35212,153,16.281111111111112
35238,146,13.47109589041096
35239,185,15.796162162162162
35307,164,14.43451219512195
35317,165,15.610060606060605
35375,182,9.805054945054945
35403,172,16.486918604651162
35504,230,10.177478260869563
35516,141,9.486241134751772
35625,179,12.126536312849163
35659,123,16.49780487804878
35709,172,14.389883720930232
35774,185,16.864324324324325
35802,160,9.401875
35823,128,11.414296875
35840,197,13.660710659898477
35953,180,14.256333333333332
35960,171,10.189590643274855
36083,124,13.117177419354839
36117,214,16.27696261682243
36150,209,13.195167464114832
36179,186,9.14521505376344
36205,183,12.076284153005465
36280,129,12.264108527131782
36285,179,14.911284916201117
36335,177,10.274067796610169
36353,182,14.525054945054945
36380,136,13.264264705882354
36391,134,14.091268656716418
36426,241,11.251618257261411
36501,185,10.649135135135134
36648,175,8.559428571428572
36659,207,10.864009661835748
36725,122,15.189426229508197
36757,148,13.726013513513514
36802,181,8.971767955801106
36856,125,16.99064
36877,180,13.173833333333333
36888,144,12.175833333333333
36919,209,11.9188995215311
36923,144,12.797222222222222
37080,137,13.854817518248174
37083,132,12.43159090909091
37094,170,12.842411764705883
37139,183,12.400546448087432
37200,208,9.29985576923077
37205,126,13.836587301587302
37223,135,15.967481481481482
37225,151,13.378543046357617
37249,140,15.609142857142858
37260,176,13.245284090909092
37425,146,17.099794520547945
37432,213,9.887183098591548
37524,124,11.785403225806453
37530,132,15.378787878787879
37538,123,15.11130081300813
37596,190,15.759052631578946
37633,146,11.593698630136986
37687,127,16.409448818897637
37688,150,15.647666666666668
37764,182,15.206208791208793
37820,168,13.852857142857143
37882,163,10.454601226993866
37949,140,16.582785714285716
37978,159,12.42062893081761
37990,143,15.98853146853147
38031,152,16.86013157894737
38048,188,7.725106382978723
38057,203,9.12487684729064
38114,210,14.986809523809525
38171,141,13.713546099290781
38188,129,13.486976744186046
38214,183,9.447540983606558
38288,138,13.765217391304347
38292,122,16.24122950819672
38302,163,17.07674846625767
38315,139,14.52273381294964
38359,133,17.206541353383457
38394,217,17.24493087557604
38419,169,10.11
38429,144,11.852152777777778
38435,151,12.081986754966888
38455,170,12.52335294117647
38480,178,9.897977528089887
38526,163,13.760920245398774
38534,131,12.693358778625953
38625,175,12.362742857142857
38659,168,11.420714285714286
38663,138,15.80949275362319
38709,172,13.378255813953489
38748,195,7.953897435897436
38905,152,12.150657894736844
38966,207,12.46903381642512
39078,198,9.711363636363636
39083,132,13.982045454545455
39108,160,11.5095625
39111,150,12.849533333333333
39131,174,10.840344827586208
39151,144,16.59923611111111
39192,137,12.367810218978104
39239,192,12.635468750000001
39262,164,8.574390243902439
39298,190,9.755210526315789
39301,150,11.855333333333332
39347,149,15.875973154362416
39372,194,11.586340206185566
39437,162,13.815617283950617
39452,181,10.387955801104972
39511,152,14.739736842105264
39518,122,13.88155737704918
39540,186,12.385913978494623
39543,210,13.926761904761904
39589,172,16.525755813953488
39596,233,9.171201716738198
39597,178,13.15876404494382
39680,129,8.443798449612403
39683,179,15.6068156424581
39706,148,15.809797297297298
39736,149,13.786778523489932
39803,161,10.878881987577639
39841,150,11.954066666666668
39906,128,14.65453125
39937,142,13.461478873239436
39956,142,16.678802816901406
39989,139,10.241510791366906
40106,162,14.408086419753086
40131,162,17.25746913580247
40137,160,13.8343125
40225,185,13.67881081081081
40249,128,12.74421875
40289,122,12.541639344262295
40321,234,10.629145299145298
40356,127,12.354566929133858
40373,196,7.534132653061225
40392,175,9.2056
40407,162,14.289197530864197
40409,160,13.3270625
40454,210,10.708285714285713
40459,184,13.4975
40461,135,13.436296296296296
40494,158,15.669303797468354
40521,176,11.334943181818183
40532,208,9.312259615384615
40598,131,12.867328244274809
40636,150,9.6796
40644,201,8.645074626865672
40735,231,13.935757575757576
40745,123,12.444146341463416
40752,191,9.507015706806282
40771,195,9.250307692307691
40775,160,15.00225
40827,124,17.008709677419354
40828,178,9.587977528089889
40836,194,9.898092783505154
40896,138,14.029202898550725
40913,188,11.701542553191489
40951,175,12.00982857142857
40953,202,16.613861386138613
40959,144,11.045694444444443
41027,192,7.952500000000001
41042,187,16.44951871657754
41067,198,11.898838383838383
41088,230,10.765956521739131
41093,213,9.689765258215962
41130,216,10.385
41138,171,14.598947368421053
41230,198,12.43621212121212
41304,133,15.406917293233082
41359,177,8.301581920903955
41401,209,16.840334928229666
41434,197,11.159187817258884
41458,122,17.182622950819674
41463,135,13.597777777777779
41467,155,10.711483870967742
41505,203,12.133546798029558
41513,126,16.925396825396824
41688,219,7.110776255707763
41707,173,14.819595375722542
41784,145,15.51296551724138
41830,132,15.779924242424242
41846,126,14.503492063492065
41864,183,12.068415300546448
41873,191,11.516492146596859
41889,155,14.460645161290323
41952,191,9.452041884816753
42023,168,11.88970238095238
42085,178,16.894606741573032
42134,188,15.220106382978724
42141,164,11.495731707317074
42172,133,12.522556390977444
42193,151,15.930596026490067
42196,130,13.631384615384615
42247,195,9.97374358974359
42296,197,13.45507614213198
42309,216,10.882453703703705
42313,157,15.52108280254777
42323,209,9.616267942583733
42383,192,14.52953125
42497,149,17.163557046979864
42509,148,6.050202702702703
42616,159,10.692452830188678
42740,191,15.45759162303665
42842,134,14.541194029850747
42885,135,16.089037037037038
42922,145,11.719931034482759
42951,221,16.38262443438914
42977,184,12.076358695652175
42991,196,11.568724489795917
43016,131,11.752213740458014
43089,175,14.714857142857142
43115,181,14.935082872928177
43141,197,15.998121827411168
43198,219,12.035662100456621
43215,144,13.059652777777778
43281,179,13.322458100558658
43313,152,14.982960526315788
43340,172,9.283313953488372
43369,219,16.078995433789956
43379,186,14.3952688172043
43398,217,9.510046082949309
43432,136,11.782205882352942
43447,137,15.139489051094891
43485,154,10.379935064935065
43594,125,13.93176
43595,171,14.181695906432749
43611,133,16.721804511278197
43675,126,13.312063492063492
43775,158,10.792531645569621
43868,150,11.9088
43870,191,12.336178010471205
43875,177,14.63632768361582
43946,178,9.329662921348316
43947,175,9.164514285714285
43977,179,10.589162011173185
43998,175,10.39937142857143
44049,154,13.530584415584416
44068,157,15.78095541401274
44069,203,12.310541871921181
44089,131,16.9187786259542
44102,170,9.794176470588235
44128,142,11.830352112676056
44131,179,9.403966480446927
44133,186,9.981774193548386
44159,237,9.722278481012658
44189,136,14.10639705882353
44380,167,13.036646706586826
44394,175,10.7228
44432,225,9.941688888888889
44435,175,10.569885714285714
44457,138,11.128623188405797
44497,147,9.823197278911564
44592,161,10.320496894409937
44608,215,12.483116279069767
44635,127,15.349370078740156
44678,190,16.946473684210527
44768,124,12.84483870967742
44779,220,16.026454545454545
44863,128,15.399296875000001
44892,168,12.234226190476189
44898,176,12.967670454545454
44974,140,15.343857142857141
44992,127,10.986771653543306
45000,149,13.49281879194631
45028,126,16.34103174603175
45037,221,11.014027149321267
45039,128,9.55453125
45087,168,11.82202380952381
45092,222,11.060495495495495
45096,213,9.950422535211269
45149,180,10.32761111111111
45165,139,11.570791366906475
45219,133,13.530150375939849
45237,198,14.020454545454546
45292,162,12.764506172839505
45309,165,10.440060606060607
45331,236,10.788559322033898
45432,263,12.148973384030418
45454,127,15.902047244094488
45477,171,10.722631578947368
45518,137,10.715182481751825
45528,189,12.82820105820106
45549,194,8.981030927835052
45599,144,15.823125000000001
45620,139,14.347194244604317
45648,173,9.663236994219654
45685,189,9.904232804232805
45745,157,5.828089171974522
45748,141,12.338723404255319
45821,151,17.131920529801324
45850,150,16.9956
45906,133,14.824060150375939
45945,125,15.89568
45952,173,12.39728323699422
45979,128,14.918125
45980,126,13.082698412698413
46074,177,10.266384180790961
46088,125,16.419520000000002
46129,129,13.623953488372093
46150,202,10.843663366336633
46343,151,10.424238410596026
46351,134,16.831865671641793
46421,173,12.810867052023122
46516,195,7.622461538461538
46519,187,11.754545454545454
46565,148,10.373783783783784
46578,169,17.22733727810651
46609,131,14.211832061068701
46610,124,16.07967741935484
46707,141,12.747943262411347
46724,170,9.888117647058824
46788,180,11.921055555555556
46799,193,11.566113989637307
46802,181,14.595303867403315
46816,131,15.950381679389313
46847,199,8.676984924623115
46853,176,12.221647727272728
46860,152,7.386447368421052
46872,126,14.82904761904762
46896,201,9.018308457711443
46908,154,16.647402597402596
46911,166,17.150963855421686
46953,185,11.789837837837837
46993,213,8.226197183098591
47025,180,13.14388888888889
47027,126,16.03
47034,133,13.673984962406013
47050,175,12.3376
47078,148,13.232432432432432
47138,133,13.597443609022557
47140,133,14.812857142857142
47173,125,16.06968
47193,192,11.399739583333334
47271,215,11.171348837209303
47286,170,9.319
47374,137,13.285766423357664
47381,123,15.456422764227643
47588,153,16.645163398692812
47607,153,9.72111111111111
47699,126,16.613492063492064
47725,128,12.126328125
47735,174,16.632643678160917
47798,167,11.299760479041916
47827,193,9.872487046632124
47856,229,12.549301310043669
47873,169,15.000414201183434
47959,189,9.951904761904762
47961,194,11.088247422680412
48004,165,16.95133333333333
48013,135,15.789037037037037
48028,180,10.658222222222223
48058,193,12.159948186528498
48085,150,13.113466666666666
48159,155,12.769548387096775
48200,154,15.863896103896103
48245,126,17.038015873015873
48258,131,13.513435114503817
48275,157,15.029299363057325
48304,151,12.811655629139073
48375,154,14.623181818181816
48413,216,8.96861111111111
48432,213,9.077887323943662
48449,211,11.633459715639809
48465,171,11.42374269005848
48479,197,9.02741116751269
48490,207,10.723091787439612
48558,207,13.72975845410628
48650,134,14.010074626865672
48652,191,9.244293193717278
48655,122,15.763196721311475
48685,136,9.055367647058823
48693,198,11.479141414141413
48694,175,11.022285714285715
48714,128,11.096796875
48753,141,16.731843971631207
48764,123,14.778617886178862
48853,169,16.138579881656806
48924,234,10.463376068376068
48935,217,10.537188940092166
48950,137,15.489562043795623
48952,146,14.52876712328767
48993,172,13.98703488372093
48997,189,10.883174603174604
49005,126,15.076746031746032
49010,193,15.172953367875648
49022,163,10.234601226993865
49153,183,11.65535519125683
49174,172,12.990988372093023
49205,270,11.055814814814815
49245,134,14.304626865671642
49261,159,12.608238993710692
49284,138,13.424347826086956
49307,183,14.452896174863389
49433,160,10.658
49505,147,14.546190476190477
49531,169,15.29698224852071
49542,169,9.89621301775148
49569,131,14.28885496183206
49602,155,10.463225806451613
49628,178,8.273876404494382
49690,186,13.196129032258064
49699,124,15.715
49730,133,14.300676691729324
49776,129,15.717906976744185
49855,207,10.061690821256038
49880,161,12.476397515527951
49888,154,13.698246753246755
49889,201,10.97855721393035
49927,159,8.1574213836478
50061,143,14.643076923076924
50085,137,13.262408759124089
50152,138,17.22159420289855
50172,183,8.780655737704917
50212,136,15.621617647058823
50234,242,9.915289256198347
50238,140,13.997428571428571
50412,160,11.6654375
50421,204,13.367598039215688
50423,228,13.576973684210527
50452,179,9.46949720670391
50477,122,11.34
50481,165,7.748060606060607
50531,211,10.893554502369668
50536,142,17.10274647887324
50561,132,15.524393939393939
50562,174,13.392183908045979
50584,171,10.942046783625731
50618,146,14.881027397260274
50628,129,12.673410852713177
50741,157,15.40687898089172
50742,139,13.567194244604316
50781,175,11.172742857142858
50817,209,8.109330143540669
50881,177,9.546101694915253
50919,123,15.339105691056911
50933,218,10.082247706422018
50952,174,9.764597701149425
50993,138,14.262246376811595
51066,167,11.6974251497006
51087,149,10.634429530201341
51094,131,15.681145038167939
51132,131,14.904961832061069
51185,209,12.041913875598087
51186,126,13.11920634920635
51221,122,15.019836065573772
51292,164,14.492987804878048
51295,181,16.707955801104973
51335,184,9.126956521739132
51439,168,16.09702380952381
51472,127,15.562677165354332
51517,166,7.448915662650602
51565,206,15.689174757281553
51590,203,8.027832512315271
51681,162,16.689567901234568
51698,125,14.51184
51736,192,12.879947916666666
51751,190,12.454105263157896
51766,154,15.04974025974026
51810,129,17.071162790697674
51837,130,12.136000000000001
51872,170,9.78329411764706
51889,199,13.502562814070354
51937,144,10.337430555555555
51972,167,13.867664670658684
51982,154,13.911753246753246
51989,158,10.92
52073,183,8.522622950819672
52122,181,11.797458563535912
52150,172,13.780813953488373
52153,128,9.7034375
52158,146,12.422808219178082
52239,225,9.157644444444443
52272,155,10.347483870967741
52410,144,10.02951388888889
52415,128,16.71609375
52536,183,17.13672131147541
52561,232,11.05271551724138
52591,128,15.510390625
52604,202,12.440148514851485
52614,176,14.513125
52617,160,13.1921875
52673,134,12.33902985074627
52682,235,17.25659574468085
52689,134,14.19365671641791
52704,193,9.864559585492227
52725,180,9.291277777777777
52731,148,12.023445945945946
52735,147,15.118979591836736
52742,217,7.975806451612903
52766,161,15.939130434782607
52774,124,14.683145161290323
52815,147,14.836054421768708
52864,232,12.411939655172414
52871,237,11.827679324894515
52881,167,14.60562874251497
52924,203,8.460837438423646
52977,139,14.55359712230216
53000,164,13.84170731707317
53043,122,12.94483606557377
53054,138,11.822028985507247
53066,160,10.501125
53137,181,16.983867403314918
53165,194,10.919690721649484
53217,130,14.001307692307693
53258,195,10.358153846153845
53275,155,16.224967741935483
53310,168,9.2075
53315,188,12.136010638297874
53335,128,10.74484375
53367,125,14.62904
53388,129,12.391007751937986
53441,229,9.852794759825327
53457,185,15.540432432432432
53494,174,13.65971264367816
53512,159,16.88081761006289
53525,189,9.837830687830689
53527,183,6.914918032786885
53536,217,12.478341013824886
53545,128,16.537265625
53615,216,10.403611111111111
53668,130,15.110615384615386
53678,187,14.158716577540106
53710,149,10.402885906040268
53795,156,16.253910256410258
53807,175,13.996628571428571
53813,128,15.14609375
53842,149,9.696644295302013
53998,151,8.816423841059603
54117,122,15.421147540983608
54126,179,9.880726256983241
54148,157,11.441019108280255
54151,199,11.233366834170855
54155,268,7.908619402985075
54217,126,12.599920634920634
54289,165,11.100121212121213
54294,213,16.71037558685446
54322,122,15.749508196721312
54336,132,14.940681818181819
54340,177,11.611073446327683
54369,208,10.167067307692308
54397,172,9.794883720930233
54445,135,15.112296296296297
54469,146,15.155616438356162
54518,172,11.67546511627907
54548,200,8.01655
54559,186,13.404301075268815
54602,155,13.69606451612903
54640,201,10.396467661691542
54663,215,10.130837209302326
54709,171,8.344269005847952
54728,123,16.528455284552845
54740,179,9.209553072625699
54877,166,11.61210843373494
54921,170,14.713647058823527
54941,155,10.079612903225806
55030,181,11.757624309392266
55069,164,8.230426829268293
55077,190,11.850263157894737
55099,203,11.632068965517242
55112,173,10.601329479768786
55115,184,11.088967391304347
55134,132,12.868787878787879
55196,221,9.983076923076924
55201,191,14.419057591623037
55206,138,13.461884057971014
55236,171,17.1087134502924
55254,168,8.216964285714287
55286,178,9.258426966292134
55303,141,11.206808510638298
55314,163,13.130674846625768
55326,146,6.710479452054795
55375,159,11.059119496855347
55393,171,15.842807017543862
55424,126,16.144603174603176
55472,163,13.394233128834355
55475,193,9.138341968911917
55538,173,11.266589595375724
55548,226,16.000884955752213
55551,204,10.626176470588234
55561,188,10.758617021276596
55565,207,9.88743961352657
55567,166,14.528734939759037
55587,147,12.018367346938776
55626,157,8.77796178343949
55684,180,10.395222222222223
55699,185,12.806810810810813
55728,167,11.099940119760479
55772,147,9.295034013605443
55787,230,9.352260869565217
55817,171,12.335321637426901
55868,201,6.798258706467662
55976,174,11.68632183908046
56012,139,14.21093525179856
56069,194,11.772268041237114
56071,196,14.59469387755102
56074,186,16.16290322580645
56083,133,14.903082706766916
56105,203,10.232266009852218
56158,149,10.307919463087249
56174,210,10.224
56233,164,15.418231707317075
56235,170,15.34735294117647
56325,148,10.905878378378379
56377,169,14.298343195266273
56405,166,15.99222891566265
56533,128,15.49171875
56542,197,10.40994923857868
56592,167,11.516407185628742
56597,136,12.242573529411764
56688,178,10.980393258426966
56707,159,11.617358490566039
56748,127,13.361574803149606
56814,127,12.005118110236221
56819,154,10.57987012987013
56851,152,11.091842105263158
56896,126,12.674603174603174
56920,154,10.902402597402597
56932,155,11.404838709677419
56961,154,16.651363636363637
57015,167,12.9625748502994
57059,154,13.827922077922079
57064,173,9.815491329479768
57078,130,13.557538461538462
57080,131,14.767175572519085
57098,152,15.640197368421052
57137,170,11.360294117647058
57204,122,12.482950819672132
57317,139,12.013669064748202
57372,172,11.477790697674418
57425,194,13.230927835051546
57433,180,11.814888888888888
57450,173,9.91115606936416
57609,163,15.294110429447853
57639,127,16.14968503937008
57645,147,17.034965986394557
57668,149,14.321342281879195
57690,166,10.995722891566265
57828,160,11.1605
57850,163,7.994171779141104
57950,137,8.782262773722628
57993,179,13.406312849162012
57995,170,12.822823529411766
58022,128,16.77390625
58105,123,13.176747967479676
58115,127,15.70212598425197
58141,202,7.618465346534654
58144,178,10.016797752808989
58170,196,13.392142857142858
58223,152,14.977039473684211
58317,198,10.281060606060606
58322,193,16.437564766839376
58351,173,13.877225433526013
58398,143,12.633776223776225
58400,202,9.871831683168317
58427,151,15.128807947019867
58428,212,8.691556603773584
58450,163,13.977300613496933
58652,190,9.438684210526315
58665,200,9.9416
58676,145,17.086896551724138
58697,139,13.67956834532374
58881,172,13.181976744186047
58898,148,9.71945945945946
58910,126,14.318650793650795
58922,169,7.499704142011835
58933,167,13.136646706586827
58959,197,9.904213197969543
58961,230,9.302826086956522
58969,166,12.490542168674699
59024,125,11.49032
59055,148,10.528310810810812
59092,207,10.424299516908212
59100,133,13.670075187969926
59151,251,7.829920318725099
59180,183,11.243934426229508
59255,214,9.020607476635515
59294,144,16.885069444444444
59300,147,14.400408163265308
59317,185,12.596540540540541
59352,181,15.811933701657459
59436,145,15.37151724137931
59444,201,15.954875621890546
59539,182,14.385000000000002
59544,185,13.898216216216216
59553,164,8.737865853658537
59555,140,13.5185
59579,125,15.875680000000001
59609,200,12.8721
59639,124,12.656451612903224
59697,155,14.155096774193549
59712,159,12.370754716981132
59828,186,9.409623655913979
59835,136,12.183308823529412
59847,216,8.862037037037037
59873,179,14.247541899441341
59899,135,12.287333333333333
59905,160,10.9539375
59923,189,12.88084656084656
60056,228,14.41451754385965
60079,169,10.615739644970414
60126,143,15.617062937062936
60145,135,12.373555555555557
60186,135,15.560740740740739
60188,169,9.44662721893491
60261,135,15.474148148148146
60284,209,11.132583732057416
60330,212,16.839150943396227
60341,177,14.203389830508474
60345,202,11.555247524752474
60376,128,12.6065625
60402,185,14.848972972972973
60416,170,13.65464705882353
60424,148,16.016689189189186
60485,191,9.450471204188482
60555,183,10.583989071038252
60674,141,13.698936170212766
60712,133,12.152932330827067
60749,199,8.306231155778894
60816,169,9.267218934911243
60852,127,13.878425196850394
60859,161,13.984223602484473
60871,184,10.545760869565218
60882,160,12.405562499999998
60888,196,12.983367346938774
60891,132,14.488333333333333
61024,152,11.948421052631579
61041,208,7.224086538461538
61083,140,13.147285714285713
61098,193,10.0439896373057
61215,187,10.017914438502673
61219,145,9.319724137931034
61225,148,11.97027027027027
61275,196,15.391683673469387
61320,194,11.410515463917525
61341,175,14.978857142857144
61411,180,9.535555555555556
61464,128,10.30515625
61484,173,7.2354913294797685
61497,133,14.518571428571429
61512,171,13.13485380116959
61519,173,14.19086705202312
61558,146,13.782397260273973
61560,123,13.633739837398373
61630,141,15.309361702127658
61751,212,7.930283018867924
61802,145,13.508758620689655
61816,133,16.61157894736842
61819,165,12.539151515151515
61869,167,15.62125748502994
61872,149,12.23771812080537
61981,141,15.67241134751773
61983,143,11.654545454545454
61985,230,10.848826086956521
62005,242,9.797438016528925
62021,156,15.87628205128205
62049,128,15.4965625
62053,149,12.450671140939598
62069,132,16.387575757575757
62073,176,12.31
62083,124,13.459435483870967
62099,210,11.204095238095238
62105,155,13.120967741935484
62106,153,14.017189542483662
62242,168,11.564166666666667
62274,211,9.11739336492891
62322,126,14.369126984126984
62371,123,14.405528455284554
62387,147,11.438299319727891
62401,140,13.3175
62440,175,8.704571428571429
62501,166,12.424397590361444
62562,201,13.557164179104477
62575,194,11.18164948453608
62580,186,12.124731182795697
62615,194,16.316082474226803
62701,192,8.787552083333333
62702,139,13.003884892086331
62727,128,16.8303125
62758,158,13.216392405063292
62782,189,12.26978835978836
62842,197,11.268121827411166
62876,206,16.831456310679613
62964,152,11.196184210526315
62966,180,12.46727777777778
63110,146,9.723698630136987
63170,182,9.094670329670329
63180,135,10.395777777777779
63224,123,16.03479674796748
63258,198,14.788939393939394
63284,186,16.65215053763441
63452,138,13.54782608695652
63490,155,13.128516129032258
63507,180,15.408777777777777
63527,173,12.890346820809249
63548,167,9.28005988023952
63564,141,12.122765957446807
63574,220,9.400636363636362
63605,183,13.830710382513661
63615,152,13.313552631578949
63629,136,14.48235294117647
63669,222,13.177837837837838
63705,137,10.84992700729927
63721,175,12.72782857142857
63862,138,15.203260869565218
63867,185,15.104918918918917
63909,212,12.17122641509434
63927,133,11.352857142857143
64064,184,8.443695652173913
64100,199,12.729798994974875
64111,151,8.108278145695364
64123,151,13.331059602649006
64176,131,12.914809160305342
64181,147,16.612176870748296
64191,136,14.979779411764707
64241,151,8.969602649006623
64251,157,13.742547770700636
64292,161,10.694037267080745
64327,135,12.158740740740742
64411,155,10.906516129032259
64455,156,10.977692307692308
64509,142,8.615704225352113
64559,170,11.304588235294117
64581,224,11.919196428571428
64619,144,17.160555555555554
64627,143,15.98216783216783
64679,148,10.125135135135135
64691,238,14.69109243697479
64722,152,9.808223684210526
64772,164,14.10871951219512
64774,170,14.400529411764706
64781,124,15.516612903225806
64827,140,15.404142857142856
64850,162,10.509444444444444
64930,166,13.188072289156626
64960,149,13.43241610738255
64972,129,9.834806201550387
64993,225,15.415466666666667
65063,205,14.503658536585366
65080,217,11.650230414746543
65108,215,15.348651162790699
65128,141,13.042127659574469
65151,141,13.08886524822695
65171,122,16.197131147540983
65197,173,9.203294797687862
65293,192,15.0775
65347,124,17.27790322580645
65401,161,7.996211180124225
65471,141,14.698794326241137
65481,143,12.251398601398602
65564,195,10.221538461538461
65612,124,9.812016129032259
65615,127,12.436614173228346
65634,188,12.955638297872339
65649,155,15.530000000000001
65744,159,13.59125786163522
65781,143,14.711398601398601
65786,143,13.303566433566434
65802,196,14.78061224489796
65870,185,12.208702702702704
65884,160,11.3279375
65913,128,14.228125
65917,150,14.937266666666668
65922,214,11.154252336448598
65929,184,12.309239130434783
65935,198,8.881313131313131
65979,158,10.269303797468353
65991,166,10.370240963855421
66006,222,10.245405405405405
66065,122,10.184754098360655
66113,182,16.194340659340657
66136,131,15.268625954198473
66170,206,7.742087378640777
66220,196,13.007551020408163
66261,164,12.543231707317075
66387,148,10.567364864864865
66414,134,12.005895522388059
66428,142,11.587464788732396
66433,164,15.536768292682929
66455,181,11.57342541436464
66456,186,13.243440860215053
66515,135,15.601037037037036
66566,157,15.612420382165606
66568,128,16.617890625
66604,130,14.643538461538462
66611,124,14.068709677419355
66623,162,10.595740740740741
66627,146,14.686712328767122
66699,130,12.48223076923077
66729,147,12.661496598639456
66742,177,16.309152542372882
66759,191,13.191832460732984
66807,203,9.823596059113301
66821,125,12.70272
66886,131,16.52206106870229
66923,132,16.815303030303028
66941,163,14.838650306748464
66958,154,15.78805194805195
66965,145,8.728275862068966
67005,129,16.30736434108527
67081,130,15.950692307692309
67117,165,9.886000000000001
67119,168,11.186309523809523
67135,166,12.812831325301204
67160,188,11.000053191489362
67176,130,16.441076923076924
67182,217,15.137695852534563
67203,126,14.88936507936508
67244,181,16.146298342541435
67371,213,12.891549295774649
67382,224,13.209464285714287
67410,123,16.40918699186992
67440,147,12.61843537414966
67457,133,16.40917293233083
67475,136,14.424632352941176
67516,135,14.14651851851852
67532,174,15.053333333333335
67539,192,9.721614583333333
67549,126,13.51111111111111
67584,226,10.041283185840708
67591,163,8.63398773006135
67592,157,14.746178343949046
67626,186,12.645752688172044
67779,217,16.877142857142857
67792,201,9.226616915422886
67796,137,13.307518248175183
67827,145,17.043862068965517
67863,130,13.279769230769231
67891,199,15.4543216080402
67899,130,15.163692307692308
67943,205,16.496487804878047
67954,163,15.059938650306748
68022,128,12.941640625
68061,149,13.699597315436241
68078,163,9.674969325153373
68097,127,12.342755905511812
68108,176,15.244374999999998
68152,134,17.247910447761193
68163,160,15.134875
68212,196,8.284693877551021
68236,138,13.161376811594202
68242,177,12.284011299435027
68243,136,10.384117647058824
68275,156,13.658461538461538
68297,135,14.846962962962962
68362,145,8.765172413793104
68376,125,11.84544
68378,128,16.381328125
68390,156,11.745448717948717
68445,164,10.102743902439023
68482,142,14.47514084507042
68514,156,12.308333333333334
68520,198,9.487929292929293
68529,132,12.5575
68580,131,14.452671755725191
68605,166,11.104096385542169
68639,160,9.844375
68716,131,9.863053435114503
68720,154,13.64935064935065
68780,151,13.680728476821193
68829,168,15.061309523809525
68833,181,13.83331491712707
68926,165,10.17909090909091
68934,127,12.807086614173228
68986,172,9.863313953488372
69030,180,7.444333333333334
69043,157,10.801847133757962
69266,181,11.978729281767956
69279,150,7.439333333333334
69286,166,14.454397590361445
69330,165,13.676
69352,181,11.813370165745857
69512,129,14.74906976744186
69523,184,15.061032608695653
69533,231,10.407359307359307
69547,206,16.425825242718446
69617,159,13.312830188679246
69632,155,8.706645161290323
69669,144,16.17298611111111
69698,153,12.775882352941176
69710,143,16.770559440559442
69728,148,12.801621621621623
69744,130,16.848384615384614
69775,122,17.003278688524592
69780,136,15.725955882352942
69788,137,13.792408759124088
69847,129,14.492093023255814
69880,144,11.942013888888889
69941,184,11.219782608695652
70037,146,14.824109589041097
70057,157,9.94203821656051
70070,127,13.737874015748032
70152,199,16.02251256281407
70154,180,13.718222222222224
70290,174,10.342701149425288
70299,125,14.0684
70318,171,9.082105263157894
70337,141,15.34709219858156
70417,198,10.899949494949496
70452,180,16.831888888888887
70505,188,10.93212765957447
70507,153,13.332156862745098
70597,132,9.31
70632,160,11.5095
70709,183,15.406448087431695
70759,134,14.216641791044776
70814,147,15.160476190476192
70819,204,8.206666666666667
70830,171,11.021988304093567
70850,133,16.590150375939853
70875,186,17.263655913978493
70939,163,14.712085889570552
70965,183,13.038142076502732
70975,192,8.908125
70982,155,8.74058064516129
71007,132,10.30060606060606
71008,160,13.331
71049,157,13.652675159235667
71156,175,9.945657142857144
71190,162,12.831296296296296
71199,161,10.591552795031056
71202,123,15.430243902439024
71204,151,14.715165562913906
71317,201,10.993432835820895
71469,126,12.76063492063492
71493,185,11.30172972972973
71496,161,11.886149068322982
71499,164,15.134451219512195
71531,154,16.202337662337662
71631,131,16.95267175572519
71633,183,10.279781420765028
71670,137,14.543868613138686
71699,199,11.51326633165829
71740,133,16.75248120300752
71752,138,12.936666666666667
71760,212,9.032311320754717
71805,149,15.898120805369128
71809,201,11.73810945273632
71812,164,13.820670731707319
71841,190,9.859263157894738
71859,248,12.3775
71899,141,13.681418439716312
71988,140,16.83442857142857
72066,195,11.759487179487179
72075,174,9.498275862068965
72132,214,7.601542056074766
72198,203,13.81448275862069
72226,200,10.07465
72256,145,12.88751724137931
72272,137,15.387080291970804
72327,160,13.161375000000001
72347,181,10.732872928176795
72581,142,7.052323943661971
72614,177,14.400112994350284
72646,192,11.768749999999999
72647,202,10.385940594059406
72662,156,11.738910256410255
72765,141,15.188794326241133
72766,161,11.010062111801243
72945,193,12.352331606217616
72984,127,15.75724409448819
72995,226,14.535486725663716
73068,169,10.50360946745562
73141,153,11.36202614379085
73196,172,14.981511627906977
73205,162,11.979074074074074
73219,193,10.19937823834197
73292,190,13.858842105263157
73293,148,14.885135135135135
73344,130,14.489923076923077
73353,160,16.320125
73395,198,11.068383838383838
73474,144,13.713819444444445
73521,177,8.487514124293785
73526,188,10.876170212765958
73591,162,6.721172839506172
73608,131,12.474580152671756
73744,150,16.288266666666665
73842,204,12.710441176470587
73846,191,13.461675392670156
73878,132,15.834848484848484
73891,168,11.168095238095239
73893,173,9.839248554913295
73922,139,8.681151079136692
73947,161,10.156149068322982
73953,142,13.398521126760564
73960,127,14.519448818897638
73994,192,11.438958333333334
74054,184,9.273695652173913
74119,162,13.484197530864197
74130,197,17.14446700507614
74151,159,14.13251572327044
74169,185,14.328594594594595
74285,125,11.83376
74341,169,11.639940828402366
74346,125,17.17992
74349,130,12.328000000000001
74438,201,14.647960199004974
74448,248,10.16923387096774
74456,198,13.81510101010101
74534,178,14.177191011235955
74536,173,12.44849710982659
74676,186,12.260967741935485
74697,216,9.03574074074074
74700,226,10.747654867256637
74718,150,9.7156
74739,156,12.458205128205128
74841,187,13.488288770053476
74863,205,8.492146341463416
74869,132,14.033409090909089
74876,204,10.204166666666667
74909,126,11.656587301587301
74922,156,13.673333333333334
75043,156,11.972564102564103
75093,137,13.665620437956205
75114,178,16.90747191011236
75181,160,9.7605
75220,190,15.265736842105262
75231,191,17.26738219895288
75250,169,16.215088757396448
75305,179,10.225363128491619
75319,227,13.38114537444934
75374,174,15.938390804597702
75379,179,11.129888268156424
75414,168,10.036785714285715
75501,197,9.13756345177665
75588,167,10.875389221556887
75600,144,14.035902777777778
75608,142,15.102605633802819
75633,210,11.275
75661,175,10.28817142857143
75748,182,13.51978021978022
75761,170,13.03070588235294
75862,202,14.404752475247525
75868,208,15.16576923076923
75893,140,14.679928571428572
75897,163,11.304294478527607
75941,127,10.526456692913385
76002,159,11.024025157232703
76022,207,16.641159420289856
76093,167,13.177185628742516
76101,125,15.240879999999999
76107,138,10.64840579710145
76240,146,14.44623287671233
76258,135,13.570962962962962
76280,183,8.81327868852459
76287,146,13.463561643835616
76295,152,12.531578947368422
76370,163,12.722269938650307
76410,128,9.222421875
76527,149,12.84523489932886
76546,184,11.76554347826087
76564,146,10.939794520547945
76581,220,11.559772727272728
76588,172,13.863023255813953
76604,229,9.065545851528386
76635,171,10.596315789473685
76654,169,12.274556213017751
76710,181,16.659889502762432
76757,149,16.71953020134228
76786,175,11.237714285714285
76811,140,12.870071428571428
76812,136,15.789044117647059
76824,151,15.843178807947021
76872,140,9.631571428571428
76924,159,11.167044025157232
76933,160,14.2299375
76941,165,10.966909090909091
76946,210,10.307428571428572
76947,165,12.941878787878787
76950,153,8.301568627450981
76974,192,11.419114583333332
77038,128,16.002109375
77136,264,6.99125
77167,216,10.538472222222222
77171,160,10.98275
77173,170,10.35135294117647
77183,167,17.097245508982034
77214,222,12.430315315315315
77222,127,11.287244094488189
77253,156,11.613141025641026
77369,162,13.874074074074073
77380,222,11.518783783783784
77400,233,11.764034334763949
77410,129,15.53248062015504
77506,171,11.909473684210527
77514,158,7.956962025316456
77527,191,14.859476439790575
77584,198,10.593434343434344
77699,202,15.020396039603959
77763,125,14.53792
77913,156,17.11724358974359
78000,216,14.767222222222223
78017,186,17.170806451612904
78033,131,16.152290076335877
78049,176,13.436874999999999
78062,140,12.674928571428572
78067,148,15.548108108108107
78110,153,9.05202614379085
78137,178,8.689325842696629
78198,161,12.991739130434784
78253,156,7.694615384615384
78401,173,12.50057803468208
78418,123,16.66569105691057
78423,163,12.403865030674845
78445,138,10.807391304347826
78472,161,16.841242236024843
78482,167,11.098862275449102
78509,150,15.052666666666667
78533,189,11.036613756613757
78628,224,9.931473214285715
78652,172,10.468779069767443
78673,165,11.364545454545455
78780,185,10.864648648648648
78824,125,15.63336
78915,204,10.958137254901962
78918,153,14.28078431372549
78946,124,11.775967741935483
78974,210,13.879380952380952
79033,144,13.348125000000001
79079,195,9.490051282051281
79091,198,16.521616161616162
79147,192,12.268697916666667
79277,166,14.424518072289159
79411,165,9.771212121212121
79412,173,12.165028901734106
79500,173,13.74699421965318
79512,122,12.359098360655738
79518,189,8.686666666666666
79531,173,7.949479768786127
79551,212,10.249198113207546
79554,125,15.03896
79591,195,11.545692307692306
79669,177,11.745706214689264
79716,161,12.848571428571429
79841,140,14.143071428571428
79863,210,11.681476190476191
79889,183,10.536557377049181
79891,170,12.000294117647059
79893,186,17.04736559139785
79896,186,11.394247311827957
79910,135,10.917851851851852
79924,200,9.32935
79941,129,17.148294573643412
79963,168,12.845476190476191
79987,131,16.103435114503817
79993,210,11.36352380952381
80065,137,15.044233576642336
80202,191,11.256858638743456
80245,199,10.961658291457287
80250,169,9.974852071005918
80323,193,9.629170984455959
80353,159,8.961320754716981
80414,191,11.195968586387433
80448,160,10.570625
80526,200,9.7431
80536,205,9.445365853658537
80558,123,14.008130081300813
80580,124,13.024193548387096
80590,138,13.915
80592,187,8.343957219251337
80597,140,16.295714285714286
80598,130,13.955
80606,206,10.805679611650485
80626,125,16.96816
80627,130,15.00176923076923
80697,184,13.350380434782608
80711,194,16.932061855670103
80767,182,15.185164835164837
80808,191,17.11083769633508
80869,192,14.809947916666665
80895,162,14.040493827160493
80956,145,12.996689655172414
80963,132,14.258257575757575
80975,176,9.616420454545455
81014,165,9.788666666666668
81055,125,11.31776
81218,212,6.669198113207548
81434,187,10.79096256684492
81451,158,13.810126582278482
81493,224,10.193214285714287
81648,157,13.167133757961786
81705,157,16.19891719745223
81719,181,13.2707182320442
81784,191,13.379214659685863
81785,164,12.419451219512196
81793,179,10.264804469273743
81826,196,10.881581632653061
81901,162,10.015123456790123
81912,156,12.617307692307692
81963,191,8.066282722513089
82181,167,16.736706586826347
82240,197,8.829746192893401
82287,187,9.605882352941176
82362,194,12.592731958762885
82398,204,11.99637254901961
82406,181,7.971933701657459
82454,190,9.323842105263157
82527,158,17.16158227848101
82617,128,12.075390625
82651,150,12.600933333333334
82671,134,14.684626865671643
82707,159,12.991257861635221
82719,187,10.037967914438502
82796,191,9.496439790575916
82802,202,9.606980198019803
82823,141,15.575602836879431
82856,150,15.341866666666665
82861,152,16.174605263157893
82865,134,17.200000000000003
82874,123,15.720487804878047
82887,215,11.458651162790698
82980,168,12.767738095238096
83037,180,11.591444444444445
83041,215,7.9548837209302325
83061,126,14.504285714285714
83068,193,9.897253886010363
83100,146,9.592465753424657
83127,136,13.392426470588234
83164,224,9.107544642857142
83177,146,14.789109589041097
83178,196,16.749030612244898
83210,125,14.56016
83264,127,15.650551181102362
83462,127,14.989685039370078
83481,153,12.225751633986928
83585,159,13.468867924528302
83591,211,10.67080568720379
83719,217,9.110599078341014
83726,170,14.093
83742,225,13.525333333333332
83765,195,13.314666666666668
83810,132,12.095530303030301
83818,164,15.890487804878049
83845,186,12.3702688172043
83870,169,13.674082840236688
83907,210,15.94295238095238
83910,200,13.62795
83981,169,11.102011834319526
83984,155,14.65567741935484
83998,174,9.804597701149426
84041,204,9.626617647058824
84061,141,13.947234042553191
84119,148,12.591621621621622
84132,178,10.50247191011236
84136,158,12.234873417721518
84143,176,11.054261363636364
84162,166,14.240421686746988
84193,148,10.722027027027027
84251,133,13.616917293233083
84262,154,13.729155844155844
84283,212,10.760188679245282
84336,192,13.983802083333332
84358,184,9.382934782608697
84437,203,10.188866995073893
84454,139,16.672446043165465
84484,127,15.104566929133858
84579,214,10.58266355140187
84583,169,13.29698224852071
84594,123,16.998211382113823
84613,162,12.559876543209876
84625,162,9.30111111111111
84632,136,10.314264705882353
84655,125,12.91216
84708,168,13.415833333333333
84763,133,14.478195488721804
84818,172,9.359418604651163
84840,150,12.406933333333333
84863,182,16.09076923076923
84897,175,11.267142857142858
84905,134,13.129701492537315
84961,126,13.959444444444445
84999,131,14.430305343511451
85045,125,13.38944
85062,128,11.408359375
85162,194,8.609742268041236
85179,150,11.4682
85262,132,13.256287878787878
85270,189,14.80984126984127
85278,140,17.007071428571425
85323,132,15.382651515151515
85368,191,11.207329842931937
85378,156,15.104871794871796
85411,177,6.507570621468926
85436,169,16.32378698224852
85492,164,11.02109756097561
85508,122,12.640409836065572
85517,177,11.110734463276836
85529,125,14.40504
85532,162,9.499135802469135
85536,166,11.255060240963855
85545,185,12.61881081081081
85593,238,11.476974789915966
85635,163,9.995889570552146
85684,202,9.994554455445545
85701,199,17.209447236180907
85764,198,10.60010101010101
85767,198,14.607121212121212
85883,164,10.750975609756098
85921,193,12.47181347150259
85983,193,11.764404145077721
86008,163,7.778220858895705
86072,134,15.633731343283582
86073,160,10.6640625
86121,183,10.10191256830601
86156,139,14.154100719424461
86194,225,9.210577777777779
86269,178,13.8061797752809
86320,156,10.34153846153846
86380,155,10.714645161290322
86417,210,8.766285714285713
86440,184,16.154184782608695
86519,156,15.288782051282052
86551,133,13.835263157894737
86554,193,10.364715025906735
86560,126,14.536428571428571
86624,223,11.070582959641257
86693,183,10.909672131147541
86772,176,9.539261363636363
86782,141,13.646808510638298
86881,170,11.631117647058824
86899,196,10.966734693877552
86922,131,12.743358778625954
86965,221,11.209638009049774
86984,136,16.329117647058826
87018,174,14.980862068965518
87025,193,12.44761658031088
87108,194,9.105618556701032
87118,194,10.856907216494845
87207,160,16.1998125
87217,204,9.315098039215686
87264,122,11.255409836065574
87308,185,11.18918918918919
87324,250,8.765600000000001
87369,142,10.965985915492958
87372,186,10.995860215053764
87439,173,11.100693641618497
87486,171,16.22292397660819
87531,125,14.19728
87547,142,15.792464788732396
87549,151,15.125033112582782
87568,194,8.54577319587629
87582,178,14.909943820224719
87599,148,11.795405405405406
87604,150,16.91453333333333
87615,152,14.113684210526317
87617,179,11.019441340782123
87770,128,14.896875
87772,135,12.97925925925926
87821,124,13.988225806451613
87867,128,13.83203125
87926,129,16.36426356589147
87954,126,15.914444444444445
87971,203,9.42142857142857
88014,176,11.270511363636365
88122,181,10.581270718232044
88124,168,15.859404761904763
88151,173,14.589017341040464
88189,167,12.344550898203593
88203,185,15.121243243243242
88244,182,9.617692307692309
88314,161,17.11639751552795
88315,131,14.124961832061068
88350,167,14.582574850299402
88371,179,9.643854748603353
88385,137,13.657883211678833
88389,188,12.33473404255319
88448,128,14.022343750000001
88477,156,13.133589743589745
88555,232,14.082284482758622
88569,183,7.91103825136612
88603,165,11.56660606060606
88673,205,9.294487804878049
88676,177,10.053954802259886
88678,155,12.32858064516129
88697,131,11.998015267175573
88721,205,14.293951219512197
88746,165,15.023151515151516
88821,152,15.589934210526316
88846,143,16.815314685314686
88859,224,11.106250000000001
88860,158,12.038164556962025
88862,202,11.325049504950494
88863,170,15.910529411764706
88876,129,10.682093023255813
88879,125,12.67024
88996,165,9.55121212121212
89061,152,11.812697368421052
89126,129,13.811705426356589
89140,184,14.605434782608697
89294,123,12.799430894308943
89305,124,13.642096774193547
89350,189,10.543650793650794
89451,189,11.631851851851852
89455,170,7.8359411764705875
89517,276,9.222210144927535
89594,124,16.361129032258063
89619,146,14.437739726027397
89698,124,12.308145161290323
89719,126,13.732222222222223
89756,206,9.395582524271845
89770,182,12.340824175824176
89830,129,11.357906976744186
89889,141,9.087375886524823
89967,249,10.2955421686747
89980,165,12.289878787878788
89984,180,11.745055555555556
90028,143,10.984475524475524
90045,187,10.401711229946525
90105,197,10.779340101522843
90176,170,15.22329411764706
90276,189,10.955291005291006
90311,185,8.874594594594594
90357,129,15.342170542635658
90408,198,10.526363636363637
90574,148,13.36
90613,217,8.651290322580644
90620,190,10.058263157894736
90650,135,13.628888888888888
90715,207,11.380724637681158
90745,169,12.07431952662722
90764,178,10.225224719101123
90784,175,10.464514285714285
90817,184,9.764891304347826
90822,131,14.75969465648855
90861,166,10.785
90869,179,9.219999999999999
90877,126,9.407936507936508
90898,145,14.463931034482759
90903,139,11.266906474820143
90916,144,10.170833333333333
90958,198,14.9089898989899
91035,154,9.267142857142858
91096,159,15.544088050314468
91145,166,16.848975903614456
91202,196,12.513673469387754
91268,151,16.18913907284768
91359,135,13.947037037037038
91360,139,10.767410071942447
91387,132,17.179621212121212
91393,158,14.325253164556962
91508,128,13.11484375
91522,180,9.18838888888889
91532,137,12.177007299270073
91593,220,8.489090909090908
91609,128,14.642421875
91625,191,16.64041884816754
91665,136,12.634632352941177
91684,192,9.595520833333333
91686,136,14.877132352941176
91719,184,16.18282608695652
91741,168,9.62720238095238
91760,195,10.939589743589742
91761,170,13.40629411764706
91906,172,14.49046511627907
92061,167,14.906766467065868
92165,133,14.772556390977444
92174,186,15.626451612903226
92237,156,13.37544871794872
92283,228,11.388245614035087
92296,180,7.840944444444445
92346,138,15.23123188405797
92351,213,7.944553990610329
92396,181,11.704806629834255
92399,134,15.608955223880596
92415,191,14.099005235602094
92463,186,13.896612903225806
92498,166,16.004518072289155
92506,167,13.387185628742515
92524,134,13.402985074626866
92540,168,10.863988095238096
92601,184,12.79771739130435
92635,167,12.925449101796408
92692,157,12.642229299363057
92693,123,13.303333333333333
92710,179,12.439776536312849
92775,160,13.397375
92785,166,12.927289156626506
92813,180,11.50411111111111
92830,144,14.159513888888888
92882,143,16.034335664335664
92892,179,7.283966480446927
92920,227,13.914140969162995
92936,179,13.866759776536313
92959,200,6.3382000000000005
92970,138,12.40717391304348
92973,186,12.71752688172043
93012,132,12.930833333333332
93025,148,15.589729729729731
93083,205,15.124243902439026
93187,156,13.587628205128206
93372,264,11.106363636363636
93399,166,10.113554216867469
93407,124,15.175241935483871
93458,161,12.54136645962733
93528,163,15.770061349693252
93530,246,12.1190243902439
93588,145,8.255655172413793
93614,160,11.93425
93656,122,16.147540983606557
93678,188,10.007765957446809
93680,194,15.805309278350515
93765,154,11.815779220779222
93787,162,14.264938271604938
93790,125,14.36776
93841,132,12.452575757575758
93850,143,15.471048951048951
93862,123,15.648130081300813
93866,154,12.274545454545454
93867,165,14.381333333333334
93871,196,12.095765306122448
93952,154,12.857792207792206
94012,199,13.655879396984924
94025,173,13.69728323699422
94090,179,11.113798882681564
94142,154,16.889675324675327
94318,202,9.437178217821781
94357,187,12.063796791443849
94358,163,12.426134969325153
94388,140,10.440285714285714
94394,194,13.911288659793815
94432,149,9.439395973154362
94532,155,11.921677419354838
94535,142,13.509154929577464
94547,133,16.304812030075187
94666,173,15.149190751445087
94708,142,16.471830985915492
94744,178,12.785449438202248
94829,201,9.244328358208955
94833,177,8.823050847457628
94835,158,16.103924050632912
94879,200,13.454600000000001
94958,186,16.741344086021506
94975,131,15.012213740458014
95000,173,13.168786127167628
95011,138,15.61695652173913
95039,148,12.028513513513513
95132,186,16.05747311827957
95139,166,16.9605421686747
95294,173,9.43878612716763
95299,125,11.99968
95330,148,9.99831081081081
95414,155,14.560774193548388
95429,123,17.26487804878049
95445,208,11.506057692307694
95463,147,11.915782312925169
95478,124,16.725483870967743
95497,129,15.324573643410853
95503,138,14.027028985507247
95511,165,11.270242424242424
95518,143,13.806223776223776
95556,134,13.708208955223881
95559,151,14.849933774834438
95627,168,12.158690476190477
95633,194,14.02298969072165
95719,179,13.029497206703908
95744,147,16.10938775510204
95754,222,14.737702702702702
95828,136,14.24485294117647
95862,136,16.748455882352943
95882,175,10.404571428571428
95906,181,8.35364640883978
95949,160,11.821124999999999
95957,172,14.650697674418605
95970,185,13.717027027027028
96019,123,13.40910569105691
96085,138,12.930289855072465
96107,196,10.926173469387756
96218,200,12.7126
96219,138,16.2468115942029
96262,155,16.40141935483871
96273,141,13.124468085106383
96340,143,12.344755244755245
96342,231,13.10935064935065
96360,213,10.081971830985916
96425,159,15.148050314465408
96436,204,9.404509803921568
96498,180,10.469166666666666
96560,158,16.063734177215192
96595,135,14.108518518518519
96602,184,10.914619565217391
96627,140,13.58007142857143
96653,141,13.573049645390071
96660,162,12.031172839506173
96759,189,16.175396825396827
96808,166,17.208614457831327
96852,229,12.465982532751092
96861,228,11.756359649122807
96870,182,13.180439560439561
96916,188,15.67537234042553
96921,147,12.45204081632653
96923,188,11.265212765957447
96941,123,15.152439024390244
97033,312,12.32147435897436
97163,125,16.71784
97250,154,15.027467532467533
97275,186,10.758333333333333
97301,126,9.89777777777778
97337,178,9.637752808988765
97381,169,10.796923076923077
97460,153,15.518169934640524
97530,136,14.157426470588236
97632,163,12.06674846625767
97649,150,12.6718
97747,220,11.929363636363636
97786,160,13.519749999999998
97791,131,13.773435114503817
97803,123,16.089837398373984
97810,170,12.366117647058822
97831,164,9.795487804878048
97833,175,10.300628571428572
97886,159,17.246666666666666
97898,137,12.907810218978103
97914,169,12.852307692307692
97923,162,8.77432098765432
97940,202,10.656980198019802
97979,166,15.811987951807229
98064,177,10.871864406779661
98099,144,15.07826388888889
98119,132,15.583636363636364
98171,124,17.188790322580648
98187,206,10.403252427184468
98225,162,10.203950617283951
98238,172,12.451162790697675
98245,219,14.887945205479452
98271,152,12.038684210526316
98305,243,16.909300411522633
98336,132,11.573636363636364
98354,145,13.833517241379312
98363,196,12.971785714285716
98468,171,16.989473684210527
98491,214,9.105280373831775
98502,135,15.963629629629631
98522,157,9.770764331210192
98543,164,11.163170731707318
98552,183,17.141366120218578
98569,173,16.78156069364162
98606,128,16.2215625
98626,240,11.664708333333333
98634,177,10.66593220338983
98646,235,8.911404255319148
98674,165,12.827333333333332
98722,206,12.774320388349516
98751,169,9.828343195266273
98761,176,10.840511363636365
98762,131,16.689312977099238
98783,196,13.73015306122449
98847,144,12.562083333333334
98898,149,15.965771812080538
98987,136,13.844117647058823
99007,176,8.621704545454547
99012,197,8.986700507614215
99057,246,11.558943089430894
99059,169,10.609467455621301
99182,168,11.538154761904762
99238,209,12.798755980861245
99275,125,15.789280000000002
99288,167,9.855449101796408
99335,141,13.19808510638298
99339,185,13.425621621621621
99351,189,9.41904761904762
99363,199,7.871859296482412
99365,130,16.12930769230769
99368,128,15.73484375
99410,128,14.589296875
99447,161,13.506770186335405
99569,122,15.342622950819672
99666,161,14.127018633540372
99691,149,14.27234899328859
99693,137,16.395474452554744
99799,172,11.78889534883721
99807,154,14.640909090909089
99814,160,14.659375
99884,133,13.668120300751879
99895,136,13.662279411764706
99939,136,13.86235294117647
100000,178,12.765224719101123
100002,145,16.26462068965517
100060,129,13.583333333333334
100086,145,14.454413793103447
100098,194,15.611494845360825
100115,156,12.537564102564103
100120,137,14.802919708029197
100126,155,13.49548387096774
100155,174,8.902413793103449
100159,158,11.764177215189873
100198,153,14.472679738562093
100224,185,8.72545945945946
100233,170,12.752470588235294
100282,129,14.196124031007752
100324,127,10.433385826771653
100338,177,15.849943502824859
100348,178,10.466460674157304
100376,199,13.200201005025127
100466,195,15.796051282051282
100478,129,10.537596899224805
100493,172,15.09313953488372
100537,195,11.234461538461538
100583,147,10.80748299319728
100614,137,15.030145985401461
100621,175,9.068285714285715
100688,195,15.378666666666668
100690,209,9.635454545454545
100694,223,10.793856502242152
100818,131,17.227251908396948
100827,166,11.00156626506024
100859,140,12.857642857142856
100931,170,12.577058823529411
100947,146,13.899246575342465
100988,170,11.834411764705884
