from_totally_fake_account,min_transaction_amount,max_transaction_amount
1000,1.45,1670.0
1120,1.45,631.67
1122,1.45,1430.0
1133,1.45,852.5
1179,1.45,1145.0
1180,1.45,1675.0
1210,1.45,533.33
1214,1.45,1930.0
1234,1.45,825.0
1255,1.45,656.67
1304,1.95,1990.0
1309,1.45,1845.0
1399,1.45,1690.0
1433,1.45,670.0
1471,1.45,1360.0
1489,1.5,1600.0
1490,1.45,1050.0
1529,1.5,463.33
1569,1.45,490.0
1607,1.45,1060.0
1615,1.45,1115.0
1622,1.8,452.5
1623,1.45,1885.0
1634,2.15,1400.0
1642,1.45,927.5
1661,1.8,465.0
1675,1.45,835.0
1689,1.45,1395.0
1715,1.45,732.5
1717,1.8,1650.0
1718,3.0,1750.0
1784,1.8,772.5
1786,1.45,1950.0
1800,1.45,476.25
1808,1.45,640.0
1823,1.45,1735.0
1838,1.45,635.0
1908,1.8,1115.0
1990,1.8,490.0
2019,1.45,1095.0
2029,1.45,717.5
2030,1.45,1290.0
2035,1.45,1390.0
2069,2.65,1750.0
2071,1.45,1430.0
2076,1.45,825.0
2126,1.8,616.67
2171,1.45,1290.0
2182,1.45,875.0
2260,1.45,458.33
2294,1.45,1725.0
2306,1.45,492.5
2308,1.45,1560.0
2331,1.45,1810.0
2369,1.8,1225.0
2430,1.45,935.0
2440,2.45,520.0
2486,1.45,1615.0
2493,1.45,442.5
2518,1.45,488.75
2528,1.45,1780.0
2538,1.45,870.0
2580,1.45,1780.0
2585,1.45,1450.0
2641,1.45,618.33
2647,1.45,800.0
2710,1.5,1110.0
2719,1.45,583.33
2767,1.45,463.33
2771,1.45,1125.0
2779,1.45,920.0
2795,1.45,1580.0
2838,2.45,1910.0
2844,1.5,1105.0
2854,1.45,1530.0
2858,1.45,1920.0
2862,1.45,1650.0
2881,1.45,1080.0
2888,2.4,656.67
2895,1.45,1965.0
2910,1.45,630.0
2984,1.45,586.67
3048,1.45,1495.0
3093,1.45,760.0
3102,2.4,1440.0
3109,1.45,885.0
3142,1.45,890.0
3145,1.8,533.33
3158,1.45,1620.0
3226,1.45,1360.0
3237,1.8,1305.0
3241,1.45,870.0
3287,1.45,1395.0
3291,2.4,1450.0
3296,1.45,697.5
3362,1.8,1125.0
3378,2.25,1580.0
3402,3.0,840.0
3417,1.95,1160.0
3456,1.45,1410.0
3458,1.45,1875.0
3465,1.45,1425.0
3472,1.95,453.75
3512,1.45,1970.0
3575,1.45,1920.0
3599,1.45,1730.0
3602,1.45,880.0
3694,1.45,491.25
3704,1.45,870.0
3712,3.0,920.0
3776,1.45,1085.0
3786,1.45,1970.0
3838,1.45,1785.0
3934,2.2,656.67
3939,1.45,480.0
3970,1.45,1090.0
3994,4.5,875.0
4009,1.45,477.5
4018,2.15,635.0
4044,1.45,940.0
4081,1.45,1650.0
4083,2.4,1875.0
4106,2.65,1745.0
4125,1.45,1510.0
4141,1.45,646.67
4142,1.45,1150.0
4148,1.45,1520.0
4154,1.45,603.33
4206,1.45,1155.0
4212,1.45,526.67
4230,4.0,470.0
4239,1.45,1795.0
4276,1.45,645.0
4279,1.45,827.5
4309,1.45,1470.0
4313,1.45,915.0
4386,1.45,470.0
4463,1.8,457.5
4465,1.45,1460.0
4490,1.45,1425.0
4498,1.45,1625.0
4526,1.45,935.0
4548,1.45,1590.0
4555,1.45,458.33
4558,1.45,1935.0
4571,1.45,1645.0
4655,1.45,1720.0
4690,1.45,1210.0
4691,1.95,1220.0
4697,1.45,1900.0
4731,1.45,1635.0
4759,1.8,451.67
4818,1.95,491.67
4819,1.45,445.0
4824,1.45,1525.0
4837,1.45,1375.0
4840,1.8,513.33
4875,1.45,1880.0
4888,1.45,1685.0
4903,1.45,665.0
4905,1.45,1815.0
4931,1.45,1615.0
4955,1.45,1700.0
4958,1.45,1785.0
4993,1.45,1330.0
5001,1.45,1230.0
5039,1.45,1085.0
5068,1.45,985.0
5119,1.45,1000.0
5164,1.45,867.5
5200,1.45,575.0
5219,1.45,1015.0
5222,1.45,892.5
5261,1.45,807.5
5266,1.45,1980.0
5285,1.8,1660.0
5292,1.45,1405.0
5299,1.45,1405.0
5300,1.8,1315.0
5304,1.45,1925.0
5307,1.45,1145.0
5319,1.45,573.33
5322,1.45,1420.0
5347,1.45,565.0
5353,1.5,1290.0
5378,1.5,1810.0
5391,4.0,572.5
5403,2.15,1045.0
5457,1.8,452.5
5491,1.45,1520.0
5494,1.8,922.5
5499,1.45,950.0
5501,1.5,1690.0
5538,1.45,1080.0
5569,1.45,1785.0
5580,1.8,850.0
5589,1.5,608.33
5620,1.45,1650.0
5653,1.45,1365.0
5679,1.45,491.25
5706,1.8,625.0
5733,2.55,1660.0
5740,1.45,1950.0
5782,2.25,526.67
5784,4.5,1890.0
5797,1.45,1355.0
5831,1.45,1585.0
5844,1.45,491.67
5852,1.45,455.0
5876,2.15,880.0
5919,1.45,1660.0
5936,1.45,625.0
5960,1.45,592.5
5979,1.45,1960.0
6030,1.45,840.0
6048,1.45,1300.0
6060,2.25,865.0
6097,1.8,1375.0
6107,2.55,1690.0
6154,1.45,443.33
6234,1.5,1775.0
6246,1.45,1745.0
6289,2.0,1240.0
6295,1.45,661.67
6339,1.45,457.5
6360,1.45,473.75
6406,1.45,1930.0
6415,1.45,487.5
6508,1.45,1230.0
6517,1.45,626.67
6518,1.45,1570.0
6536,1.45,1385.0
6545,1.8,1760.0
6574,1.45,1275.0
6616,1.45,697.5
6650,2.4,586.67
6651,2.55,1330.0
6653,1.45,598.33
6679,1.8,1630.0
6692,2.15,497.5
6754,1.45,645.0
6889,2.15,995.0
6892,1.45,1510.0
6920,1.45,1685.0
6935,1.45,1505.0
6947,1.45,505.0
6957,1.45,1755.0
7002,1.45,646.67
7014,1.45,795.0
7018,1.8,645.0
7020,1.45,575.0
7039,2.55,1980.0
7041,1.45,1010.0
7058,1.45,1445.0
7059,1.45,1450.0
7072,1.8,1825.0
7073,1.45,800.0
7214,1.45,1745.0
7234,1.45,493.33
7235,1.45,573.33
7246,1.45,1555.0
7257,1.45,1565.0
7269,1.45,615.0
7272,2.2,521.67
7301,1.45,465.0
7317,1.45,1495.0
7318,1.45,612.5
7337,4.5,615.0
7417,1.45,650.0
7421,1.45,530.0
7446,1.45,835.0
7453,1.45,1190.0
7485,1.45,975.0
7538,1.45,780.0
7550,1.45,1425.0
7582,1.45,1430.0
7623,1.45,1935.0
7637,1.45,895.0
7659,1.45,491.67
7686,1.45,990.0
7690,1.45,1290.0
7694,1.45,1275.0
7746,1.45,1875.0
7783,1.45,503.33
7791,1.45,1990.0
7809,1.45,473.33
7810,1.45,1220.0
7843,1.5,461.25
7853,1.45,658.33
7857,1.45,1950.0
7909,1.45,1645.0
7949,2.15,1245.0
7970,1.45,1055.0
7979,1.45,1810.0
8001,1.45,1920.0
8024,1.5,1925.0
8065,1.45,975.0
8089,2.4,807.5
8109,2.2,1235.0
8135,2.4,581.67
8143,1.45,920.0
8166,1.45,1665.0
8194,1.45,550.0
8197,1.45,737.5
8203,1.45,587.5
8232,1.45,533.33
8236,1.45,1655.0
8250,1.5,553.33
8260,1.8,1155.0
8294,3.0,1945.0
8296,1.45,1600.0
8331,1.45,1925.0
8334,1.45,735.0
8377,1.45,1560.0
8418,1.45,845.0
8474,1.95,955.0
8487,3.0,1605.0
8506,1.45,1330.0
8507,1.45,1500.0
8518,2.25,663.33
8568,1.8,945.0
8572,1.45,1225.0
8583,1.45,892.5
8607,2.45,1910.0
8633,1.45,446.67
8661,1.45,1755.0
8668,1.45,1625.0
8682,1.45,661.67
8744,1.8,497.5
8801,1.45,837.5
8864,1.45,1665.0
8882,1.45,1655.0
8906,1.45,495.0
8907,1.45,1755.0
8919,1.45,1385.0
8947,1.45,1040.0
8982,1.45,697.5
8994,1.45,467.5
9029,1.45,636.67
9041,1.45,463.75
9048,1.45,1760.0
9075,1.45,1280.0
9076,1.45,660.0
9120,1.45,478.75
9133,1.45,1955.0
9141,2.45,1465.0
9162,1.45,1590.0
9204,1.45,802.5
9218,1.45,777.5
9225,1.45,870.0
9250,1.45,595.0
9255,1.45,538.33
9300,1.45,463.33
9303,1.45,1170.0
9323,1.45,977.5
9337,1.45,1825.0
9460,1.45,1620.0
9474,1.45,1650.0
9480,1.45,493.33
9518,2.2,506.67
9642,1.45,1225.0
9660,1.8,955.0
9678,1.45,1340.0
9740,1.45,1940.0
9756,4.5,1340.0
9820,1.8,1260.0
9869,1.45,870.0
9944,1.45,640.0
9951,1.45,1215.0
10078,1.45,1795.0
10092,1.95,1650.0
10099,1.45,1875.0
10126,1.45,1825.0
10130,2.4,1710.0
10141,1.45,1920.0
10147,1.8,1575.0
10156,2.4,481.67
10180,2.0,616.67
10209,1.45,1970.0
10215,1.45,1935.0
10253,1.45,481.25
10254,1.45,488.75
10371,1.45,585.0
10410,1.45,1745.0
10442,1.45,460.0
10451,1.8,1615.0
10454,1.45,1225.0
10479,1.45,495.0
10521,2.45,495.0
10581,1.45,610.0
10605,1.45,1920.0
10606,1.45,540.0
10641,1.45,1395.0
10659,1.45,1505.0
10695,1.45,1835.0
10696,1.45,492.5
10740,1.45,777.5
10743,1.45,1190.0
10765,1.8,1930.0
10794,1.45,955.0
10855,2.15,1725.0
10913,1.8,591.67
10937,1.45,1260.0
10944,1.45,1350.0
10963,1.45,692.5
10983,1.8,1195.0
11008,1.8,670.0
11012,2.25,1135.0
11100,1.45,930.0
11105,1.45,1545.0
11133,1.8,1615.0
11137,1.8,1010.0
11163,4.5,565.0
11177,1.45,925.0
11182,1.45,441.25
11183,1.45,1955.0
11239,1.45,472.5
11252,1.45,1820.0
11256,1.45,556.67
11314,1.45,1930.0
11343,1.45,521.67
11379,1.45,910.0
11405,1.45,1735.0
11417,1.8,521.67
11426,2.25,825.0
11451,1.45,1100.0
11454,1.45,465.0
11475,1.45,1230.0
11505,1.45,1315.0
11559,1.45,477.5
11577,1.45,441.25
11613,1.45,1670.0
11620,1.45,1310.0
11628,1.45,1210.0
11630,1.8,965.0
11648,1.45,715.0
11662,1.45,767.5
11673,1.45,1550.0
11683,2.4,727.5
11694,1.45,960.0
11729,1.8,1555.0
11734,1.45,655.0
11742,2.25,1390.0
11756,1.45,1405.0
11821,1.45,486.67
11822,1.5,1485.0
11827,1.45,1415.0
11872,1.95,1120.0
11907,1.45,467.5
11926,1.45,1640.0
11961,2.25,1260.0
11965,1.45,1285.0
11976,1.45,1785.0
12001,1.45,990.0
12035,1.45,577.5
12048,1.45,860.0
12060,1.45,491.25
12069,1.45,830.0
12127,1.45,490.0
12154,1.95,646.67
12164,1.8,1705.0
12179,2.25,1515.0
12190,1.45,1380.0
12197,1.45,1490.0
12202,1.45,815.0
12329,1.8,807.5
12351,1.8,1585.0
12356,1.45,463.75
12384,1.45,472.5
12403,1.8,1710.0
12424,1.8,715.0
12443,1.45,627.5
12470,1.45,1620.0
12501,1.45,700.0
12520,1.45,855.0
12525,1.45,1880.0
12563,1.45,587.5
12568,1.45,1945.0
12585,1.45,516.67
12630,1.45,1670.0
12650,1.45,1200.0
12652,1.45,1825.0
12665,1.45,862.5
12695,1.8,830.0
12699,1.45,950.0
12709,1.45,1315.0
12728,1.45,1150.0
12738,1.45,1280.0
12774,1.45,1880.0
12782,1.45,1560.0
12818,1.45,985.0
12831,1.45,1815.0
12903,1.45,1680.0
12935,1.45,1295.0
12964,1.45,1185.0
12993,1.8,452.5
13019,1.45,452.5
13055,1.95,915.0
13100,1.45,615.0
13165,4.0,1705.0
13205,1.45,650.0
13219,1.45,797.5
13246,1.45,597.5
13252,1.45,660.0
13278,1.45,1350.0
13311,1.45,491.25
13344,1.45,970.0
13384,1.45,830.0
13392,1.45,885.0
13485,1.45,897.5
13536,1.45,1585.0
13611,1.45,1305.0
13613,2.15,825.0
13633,1.45,450.0
13677,1.45,1170.0
13724,1.45,1710.0
13738,2.65,797.5
13798,1.45,513.33
13808,1.45,1965.0
13991,1.45,1720.0
14036,1.95,1425.0
14069,1.45,1085.0
14073,1.8,1585.0
14124,1.45,1510.0
14139,1.45,656.67
14160,1.45,1870.0
14167,1.8,895.0
14214,1.45,1805.0
14270,1.45,540.0
14277,1.45,1860.0
14289,1.45,1620.0
14326,1.45,1905.0
14345,1.45,1460.0
14358,1.45,616.67
14388,2.25,570.0
14424,1.45,1865.0
14452,1.45,583.33
14468,1.45,1010.0
14496,1.45,526.67
14506,1.8,461.67
14520,1.8,1670.0
14527,1.45,1145.0
14556,1.45,1185.0
14590,1.8,1335.0
14598,1.45,1090.0
14697,1.45,882.5
14754,1.45,1705.0
14845,1.45,705.0
14850,1.95,1865.0
14877,1.45,870.0
14879,1.45,1060.0
14894,1.45,867.5
14913,1.45,1255.0
14918,1.95,1965.0
14930,1.8,1670.0
14955,1.45,1790.0
14995,1.5,460.0
15063,1.45,1705.0
15132,1.45,1860.0
15169,1.8,1045.0
15184,1.45,820.0
15197,1.45,1140.0
15214,1.45,975.0
15250,1.95,1905.0
15258,1.45,1565.0
15264,1.45,1970.0
15265,1.45,925.0
15277,1.45,441.25
15350,1.45,895.0
15353,1.45,1055.0
15354,1.45,1005.0
15382,1.45,1365.0
15387,1.45,1760.0
15400,1.45,450.0
15418,1.45,570.0
15454,1.45,810.0
15460,1.45,1590.0
15483,1.45,1655.0
15515,1.45,1665.0
15538,1.45,491.67
15550,1.45,995.0
15575,3.0,1890.0
15585,1.45,1850.0
15597,1.45,493.75
15613,1.45,443.33
15618,1.45,575.0
15663,1.45,1675.0
15711,1.45,760.0
15717,1.45,1775.0
15737,1.45,1000.0
15788,1.45,1525.0
15823,1.45,1715.0
15838,1.45,653.33
15867,1.45,1745.0
15929,1.45,530.0
15935,1.45,850.0
15938,1.45,1995.0
15952,3.0,642.5
15954,1.45,870.0
15964,1.45,1960.0
15975,1.45,490.0
16004,1.45,970.0
16006,1.95,1410.0
16007,1.45,1135.0
16015,1.45,955.0
16020,1.45,445.0
16029,1.45,1795.0
16056,1.8,546.67
16128,1.8,1975.0
16133,1.45,1320.0
16216,1.45,1545.0
16246,1.8,1135.0
16272,1.8,1475.0
16275,1.45,612.5
16308,1.8,945.0
16318,1.45,1725.0
16338,1.45,441.25
16367,1.8,567.5
16401,1.45,1535.0
16414,1.45,525.0
16425,1.45,1070.0
16429,1.45,1250.0
16444,1.8,1605.0
16468,1.45,785.0
16506,1.45,1905.0
16509,1.45,1515.0
16523,4.0,990.0
16539,1.45,1270.0
16544,1.45,536.67
16546,1.45,590.0
16634,2.25,1555.0
16689,1.45,462.5
16698,1.45,820.0
16706,1.45,1330.0
16715,1.95,470.0
16731,1.45,443.75
16739,1.45,782.5
16784,1.45,620.0
16817,1.45,481.67
16870,1.8,457.5
16907,1.45,1550.0
16918,1.45,480.0
16941,1.5,490.0
16944,1.45,565.0
16952,1.45,1960.0
17056,3.0,1600.0
17057,1.45,1480.0
17089,1.45,1870.0
17127,2.15,892.5
17151,1.45,1520.0
17169,1.45,977.5
17195,1.45,655.0
17225,1.45,985.0
17243,1.45,441.25
17256,1.45,865.0
17259,1.45,1920.0
17287,1.45,1405.0
17291,1.45,1755.0
17294,1.8,1925.0
17311,1.45,1860.0
17323,1.45,1095.0
17379,1.45,1765.0
17398,1.45,1610.0
17419,1.45,1685.0
17424,1.8,1845.0
17427,1.45,600.0
17443,1.45,1310.0
17467,1.45,1580.0
17469,1.45,620.0
17479,1.45,880.0
17517,1.5,1980.0
17526,1.45,498.33
17528,1.95,895.0
17555,1.45,800.0
17569,1.45,665.0
17613,1.45,1010.0
17647,1.45,565.0
17662,1.45,1375.0
17670,3.0,456.67
17741,1.45,1655.0
17750,1.45,935.0
17756,1.45,1030.0
17781,1.45,1595.0
17813,1.45,1180.0
17830,1.45,483.33
17857,1.45,492.5
17884,1.45,527.5
17947,1.45,530.0
18075,1.45,935.0
18114,2.4,462.5
18116,1.45,1165.0
18142,1.45,1695.0
18168,1.45,492.5
18179,1.45,1325.0
18208,1.45,1295.0
18219,1.45,1915.0
18328,1.45,1525.0
18364,1.5,1495.0
18365,1.45,1460.0
18402,1.45,1280.0
18472,1.45,1780.0
18488,1.45,1785.0
18520,1.45,1335.0
18545,1.45,618.33
18595,1.45,1725.0
18602,1.45,1120.0
18634,1.45,656.67
18640,1.45,1845.0
18648,2.2,1205.0
18690,1.8,1500.0
18802,1.45,1620.0
18827,1.45,1850.0
18834,2.15,1115.0
18860,1.45,1490.0
18865,1.45,495.0
18928,1.45,1625.0
18945,1.8,1295.0
18986,1.45,1445.0
18993,4.5,571.67
19027,1.45,1990.0
19071,1.45,730.0
19124,1.45,1660.0
19131,1.45,1595.0
19143,1.8,481.25
19195,1.45,477.5
19206,1.8,1370.0
19212,1.45,463.75
19255,1.45,840.0
19305,2.2,907.5
19316,1.45,695.0
19322,1.45,1740.0
19328,1.45,620.0
19388,1.45,925.0
19407,1.5,447.5
19413,2.0,453.75
19425,1.8,1145.0
19441,1.45,1810.0
19481,1.45,1050.0
19489,1.8,1830.0
19519,1.45,458.33
19533,1.45,1885.0
19572,2.25,1985.0
19589,1.45,1105.0
19633,1.45,585.0
19672,1.45,900.0
19758,1.45,603.33
19761,1.45,1510.0
19785,1.8,1895.0
19810,1.45,1860.0
19900,1.45,463.33
19928,1.45,965.0
19949,1.8,1805.0
19950,1.45,1785.0
19952,1.45,1630.0
19954,2.2,1240.0
19964,2.4,1135.0
19990,1.45,600.0
19993,1.45,536.67
20003,1.45,1330.0
20004,1.45,1920.0
20017,1.45,880.0
20050,1.5,830.0
20063,2.15,473.33
20148,1.45,967.5
20164,2.15,1910.0
20186,1.45,577.5
20197,1.8,1945.0
20251,1.45,895.0
20339,1.45,631.67
20381,1.45,762.5
20576,1.45,1210.0
20610,1.45,1505.0
20639,1.45,1895.0
20652,1.45,1315.0
20661,1.8,892.5
20710,1.45,1020.0
20724,1.45,1040.0
20726,1.45,1535.0
20755,1.45,456.25
20756,1.45,491.25
20757,1.45,1780.0
20791,1.45,905.0
20815,1.45,1560.0
20818,1.45,1975.0
20823,1.45,551.67
20847,1.45,1615.0
20916,1.45,445.0
20952,1.5,628.33
20955,1.45,742.5
20957,1.45,1190.0
20965,1.45,1970.0
21006,1.45,870.0
21015,1.45,1640.0
21016,3.0,1065.0
21021,3.0,1255.0
21025,1.45,1775.0
21087,1.8,850.0
21101,1.45,1255.0
21174,1.45,1710.0
21177,1.45,621.67
21206,1.45,1230.0
21299,1.45,442.5
21327,4.5,656.67
21370,2.15,790.0
21382,1.45,1995.0
21385,1.45,568.33
21389,2.45,1255.0
21435,1.45,615.0
21496,1.45,877.5
21507,1.45,472.5
21563,1.45,491.25
21575,1.45,1290.0
21618,1.45,1260.0
21727,1.45,1290.0
21772,2.15,1860.0
21822,2.0,1805.0
21826,1.45,586.67
21859,1.45,807.5
21920,1.45,566.67
21921,1.45,1225.0
21949,1.8,1380.0
21960,1.45,770.0
21992,2.45,785.0
22026,1.45,1545.0
22035,1.45,1945.0
22044,1.45,505.0
22121,1.45,537.5
22141,1.45,500.0
22149,1.5,1225.0
22181,1.45,1170.0
22222,1.45,1315.0
22228,1.45,1500.0
22229,1.45,460.0
22245,1.45,1610.0
22299,1.45,1785.0
22315,1.45,540.0
22328,1.45,865.0
22336,1.45,852.5
22345,1.45,732.5
22368,1.45,1280.0
22418,1.45,1390.0
22429,1.45,1030.0
22432,1.8,581.67
22503,1.45,610.0
22540,1.45,1745.0
22598,1.45,1845.0
22607,1.45,1250.0
22622,1.45,1965.0
22627,1.45,1720.0
22629,1.45,1765.0
22683,2.55,1360.0
22741,1.45,1590.0
22778,1.45,1895.0
22786,1.5,990.0
22835,1.45,447.5
22848,1.45,1485.0
22871,1.45,1660.0
22916,1.45,782.5
22976,1.45,1205.0
22984,1.45,491.25
22985,1.45,1650.0
23004,1.45,562.5
23010,1.45,1625.0
23047,1.45,1990.0
23076,1.45,865.0
23078,1.45,576.67
23090,1.95,1420.0
23130,1.45,562.5
23145,1.8,1725.0
23151,1.45,1685.0
23181,1.45,1890.0
23229,1.45,477.5
23234,1.45,500.0
23265,1.45,1405.0
23296,1.45,1960.0
23298,1.45,1725.0
23311,1.45,607.5
23348,2.55,1490.0
23425,1.8,1195.0
23437,1.45,1885.0
23456,1.45,770.0
23502,1.45,460.0
23561,1.45,1970.0
23585,1.45,470.0
23590,2.0,1180.0
23598,1.45,460.0
23613,1.8,1745.0
23625,1.45,1875.0
23671,1.8,1010.0
23685,1.45,1965.0
23700,1.45,1060.0
23714,1.45,1780.0
23733,1.45,488.75
23748,1.45,443.75
23782,1.8,1515.0
23793,1.45,752.5
23805,1.45,1100.0
23839,1.45,1725.0
23846,1.8,1330.0
23906,1.45,517.5
23951,1.45,1340.0
23981,1.45,630.0
23991,1.45,642.5
24013,1.45,486.25
24024,2.45,493.33
24032,1.45,935.0
24112,1.45,491.25
24128,1.45,877.5
24185,1.45,593.33
24211,1.45,1345.0
24217,1.45,800.0
24221,1.45,1550.0
24223,1.45,700.0
24237,1.45,445.0
24247,1.45,740.0
24252,1.45,997.5
24254,1.45,885.0
24271,1.45,626.67
24291,1.45,975.0
24301,1.8,562.5
24343,1.45,475.0
24365,1.45,605.0
24380,3.5,1930.0
24469,1.45,1680.0
24495,1.45,528.33
24515,1.45,452.5
24547,1.45,640.0
24571,2.2,602.5
24576,1.45,521.67
24592,1.45,1600.0
24600,1.45,453.33
24602,1.45,1000.0
24606,1.45,1045.0
24639,1.45,920.0
24676,1.45,855.0
24689,1.5,1980.0
24714,1.45,885.0
24726,1.95,495.0
24733,1.45,825.0
24753,1.45,1435.0
24757,1.45,935.0
24787,1.45,1210.0
24803,1.45,1980.0
24815,1.45,1730.0
24831,1.45,1335.0
24848,1.45,1945.0
24849,1.45,1100.0
24860,2.25,1770.0
24867,1.45,1330.0
24889,1.8,620.0
24920,1.45,1955.0
24931,2.45,967.5
24960,1.45,496.67
24964,1.45,1995.0
24966,1.45,1395.0
25011,1.45,805.0
25015,1.45,1640.0
25050,1.45,615.0
25080,1.45,740.0
25097,1.8,588.33
25098,1.45,1150.0
25106,1.8,551.67
25153,2.25,1075.0
25168,1.45,491.25
25198,1.8,1845.0
25202,1.45,1080.0
25209,1.45,1230.0
25219,1.95,1455.0
25233,1.45,1105.0
25253,1.45,642.5
25304,1.45,695.0
25305,1.45,1740.0
25307,1.45,1300.0
25330,1.45,1285.0
25361,1.45,820.0
25399,1.45,477.5
25450,1.45,1940.0
25453,2.2,1210.0
25480,1.45,905.0
25503,1.45,542.5
25505,1.45,456.25
25513,1.45,1575.0
25539,1.95,1015.0
25543,1.45,1585.0
25574,1.45,845.0
25584,1.45,447.5
25589,1.45,1880.0
25613,1.45,860.0
25631,1.45,975.0
25637,1.45,1610.0
25639,1.45,1770.0
25646,1.45,1940.0
25649,1.45,1760.0
25657,1.45,458.33
25685,1.45,1935.0
25691,2.4,1220.0
25696,1.45,462.5
25798,1.45,1310.0
25837,1.45,1330.0
25860,1.45,1420.0
25901,1.45,1935.0
25930,1.45,1085.0
25933,1.45,1815.0
25942,1.45,1700.0
25945,1.45,661.67
25965,2.45,1995.0
26052,1.45,1165.0
26061,1.45,895.0
26127,1.45,1950.0
26146,1.45,452.5
26149,1.45,496.67
26150,1.45,887.5
26170,1.45,1480.0
26230,1.45,1860.0
26244,1.45,1090.0
26262,1.45,1350.0
26278,1.45,1230.0
26316,1.45,565.0
26374,1.45,463.33
26390,1.45,1165.0
26397,1.45,1735.0
26413,2.2,600.0
26499,1.45,895.0
26523,1.45,468.33
26542,1.45,1430.0
26558,1.45,581.67
26646,1.8,1795.0
26652,1.45,588.33
26688,1.45,1285.0
26714,1.45,962.5
26731,1.45,1740.0
26737,1.45,845.0
26805,1.45,1660.0
26813,1.45,492.5
26819,1.8,453.33
26824,1.95,1480.0
26842,1.45,1185.0
27046,1.45,1990.0
27062,2.0,1585.0
27082,1.45,980.0
27124,1.45,1735.0
27135,1.45,623.33
27145,1.45,1495.0
27171,1.45,1480.0
27173,1.45,1060.0
27180,1.45,1485.0
27204,1.45,452.5
27266,1.45,1555.0
27287,1.45,1695.0
27295,1.45,1900.0
27331,2.4,965.0
27333,1.45,492.5
27338,1.45,995.0
27342,1.45,498.75
27355,1.8,635.0
27372,2.2,1120.0
27411,1.45,1085.0
27425,1.45,1740.0
27467,2.4,1035.0
27575,1.45,1195.0
27585,1.95,955.0
27618,1.45,1140.0
27641,1.45,1960.0
27649,1.45,975.0
27678,1.45,1460.0
27704,1.45,602.5
27746,1.8,482.5
27758,1.45,470.0
27784,1.45,472.5
27801,1.45,1950.0
27860,1.8,665.0
27872,1.45,441.25
27895,1.45,1360.0
27899,1.45,1175.0
27903,1.45,458.33
27971,1.45,1805.0
27979,1.45,638.33
27990,1.95,451.25
28056,2.45,815.0
28155,1.45,820.0
28181,2.15,875.0
28234,1.45,453.33
28251,1.45,471.25
28287,1.8,1890.0
28329,1.45,787.5
28381,1.5,952.5
28399,2.4,503.33
28420,1.45,785.0
28442,1.45,450.0
28445,1.45,1990.0
28448,1.45,1855.0
28474,1.45,1290.0
28479,1.45,1615.0
28513,1.45,1465.0
28516,1.45,945.0
28551,1.45,1990.0
28559,1.45,643.33
28572,1.45,630.0
28574,2.45,445.0
28582,1.45,1370.0
28620,1.5,1240.0
28641,1.45,1655.0
28656,1.45,1880.0
28669,1.8,1585.0
28672,1.8,560.0
28684,1.45,530.0
28692,1.45,1325.0
28717,4.5,985.0
28719,1.45,1920.0
28735,1.45,1610.0
28744,1.45,1310.0
28753,1.45,543.33
28767,1.45,1485.0
28787,1.45,977.5
28790,1.45,526.67
28845,1.45,1525.0
28862,1.45,1795.0
28873,1.45,1545.0
28972,1.45,755.0
28976,1.45,441.67
28992,1.45,1465.0
29038,1.45,500.0
29058,1.45,536.67
29087,1.95,1340.0
29111,2.25,890.0
29113,1.45,1085.0
29141,1.95,445.0
29168,1.45,485.0
29240,1.45,655.0
29242,1.45,955.0
29270,1.8,536.67
29292,1.45,745.0
29302,1.45,1970.0
29308,1.45,885.0
29312,1.45,441.25
29326,1.45,1835.0
29340,1.45,1905.0
29366,1.8,1560.0
29410,1.45,712.5
29414,1.45,940.0
29443,1.45,990.0
29448,1.45,1185.0
29449,1.45,1370.0
29546,1.45,1410.0
29649,1.45,1845.0
29699,1.45,493.75
29702,1.45,1690.0
29708,1.45,867.5
29720,1.45,455.0
29798,1.45,1605.0
29825,1.45,445.0
29848,1.45,962.5
29890,1.8,520.0
29918,1.45,1635.0
29922,1.45,577.5
29926,1.45,555.0
29936,1.45,1735.0
29974,1.45,1750.0
29987,1.45,885.0
29993,1.5,1250.0
30041,1.45,511.67
30050,1.45,492.5
30072,1.45,1420.0
30075,1.45,1825.0
30077,1.5,1480.0
30096,1.45,1915.0
30101,1.45,1160.0
30122,1.45,1205.0
30125,1.8,1945.0
30126,3.0,695.0
30143,1.45,950.0
30161,1.45,1670.0
30197,1.45,1675.0
30200,1.45,1960.0
30208,1.45,1930.0
30211,1.5,885.0
30216,1.45,521.67
30217,1.45,1855.0
30254,1.45,500.0
30279,1.45,1450.0
30289,1.45,1850.0
30302,1.45,1450.0
30305,1.45,628.33
30331,1.45,1595.0
30350,1.45,1725.0
30352,1.45,842.5
30365,1.45,715.0
30379,4.5,1975.0
30386,4.5,470.0
30473,1.45,1850.0
30479,1.45,658.33
30489,1.45,1735.0
30553,1.45,1420.0
30621,1.45,860.0
30643,1.45,606.67
30655,1.45,1400.0
30728,1.45,1545.0
30760,1.45,595.0
30868,1.45,1330.0
30875,1.8,1255.0
30886,1.45,1365.0
30913,1.45,476.25
30923,1.45,487.5
30962,1.45,797.5
30976,1.45,1175.0
30986,1.45,1440.0
31043,1.45,970.0
31063,1.45,1955.0
31119,1.45,1530.0
31151,1.45,460.0
31243,1.45,560.0
31249,1.45,477.5
31291,2.4,1295.0
31302,1.8,905.0
31400,1.8,1060.0
31438,1.45,1715.0
31468,1.8,461.25
31469,1.45,655.0
31494,1.8,613.33
31544,1.45,488.75
31550,1.8,1880.0
31650,1.45,692.5
31655,1.45,730.0
31659,1.45,1250.0
31664,1.45,1540.0
31673,1.45,985.0
31703,2.0,492.5
31770,1.45,1860.0
31792,1.45,473.75
31797,4.0,1690.0
31803,2.25,1730.0
31817,1.45,486.25
31827,1.95,840.0
31834,1.45,647.5
31842,1.45,1635.0
31871,1.45,1670.0
31891,1.8,1055.0
31910,1.8,588.33
31938,1.45,460.0
32029,1.45,1395.0
32150,1.45,945.0
32156,2.45,470.0
32166,1.45,690.0
32185,1.45,1940.0
32186,1.45,1510.0
32283,1.45,1140.0
32308,1.5,1940.0
32345,1.45,477.5
32391,1.45,1205.0
32403,1.45,1825.0
32413,1.45,463.33
32418,1.45,1105.0
32452,1.45,602.5
32498,1.45,995.0
32521,1.45,697.5
32541,1.45,1460.0
32573,1.45,1560.0
32587,1.5,965.0
32619,2.4,1570.0
32649,2.2,1600.0
32692,1.45,952.5
32706,1.45,1400.0
32754,1.45,1060.0
32757,1.45,1085.0
32759,1.45,1640.0
32768,1.45,445.0
32798,1.45,1405.0
32807,1.45,1330.0
32808,1.45,441.25
32832,1.45,590.0
32838,1.45,513.33
32854,1.45,1495.0
32891,1.45,1030.0
32898,2.4,490.0
32955,1.45,1355.0
32978,1.45,500.0
32991,1.45,580.0
32997,1.8,1235.0
32998,1.45,800.0
33015,1.45,1825.0
33018,1.45,655.0
33047,1.45,587.5
33051,2.0,495.0
33086,1.45,1695.0
33156,1.45,1725.0
33192,1.8,1010.0
33266,1.45,1640.0
33284,1.45,967.5
33298,1.45,1220.0
33313,2.15,462.5
33334,1.45,1920.0
33362,1.45,1600.0
33411,1.45,920.0
33491,1.45,982.5
33516,3.0,1530.0
33524,3.5,1435.0
33536,4.5,1925.0
33562,1.8,1470.0
33588,1.8,1860.0
33594,1.45,1790.0
33608,1.45,643.33
33612,1.45,892.5
33620,1.45,1725.0
33633,1.45,1295.0
33641,2.4,1990.0
33650,1.8,1720.0
33693,2.2,1180.0
33714,1.45,445.0
33725,1.45,656.67
33739,2.25,1940.0
33768,1.45,865.0
33783,1.95,990.0
33803,1.45,965.0
33814,1.45,540.0
33833,1.45,885.0
33875,2.25,1715.0
33916,1.8,576.67
33926,1.45,925.0
33942,1.45,1920.0
33975,1.5,1040.0
33991,1.45,1430.0
34041,1.45,1490.0
34046,1.8,1175.0
34054,1.45,526.67
34055,1.45,460.0
34096,1.45,1490.0
34107,2.2,1455.0
34123,1.45,672.5
34128,1.45,568.33
34134,1.45,468.75
34142,1.8,652.5
34144,1.45,1585.0
34160,1.95,1490.0
34180,1.95,465.0
34263,1.45,810.0
34275,1.45,597.5
34332,1.45,653.33
34414,2.0,1965.0
34450,1.45,1910.0
34462,3.0,1570.0
34539,2.2,1160.0
34546,1.95,595.0
34659,1.45,1065.0
34665,1.45,480.0
34698,1.45,697.5
34722,1.45,1810.0
34734,1.45,930.0
34753,1.8,1665.0
34785,1.45,500.0
34808,1.45,1510.0
34851,3.5,541.67
34880,1.45,752.5
34899,4.5,740.0
34923,1.45,1085.0
34974,2.2,1740.0
35011,1.8,493.75
35034,1.45,1550.0
35104,1.45,1340.0
35110,1.45,1720.0
35112,1.45,1530.0
35130,1.45,1480.0
35148,1.45,628.33
35158,1.45,967.5
35165,1.45,1525.0
35190,1.45,1785.0
35200,1.45,1030.0
35239,1.45,940.0
35242,1.95,1140.0
35244,1.45,1875.0
35272,1.45,1225.0
35303,1.45,441.67
35317,1.45,505.0
35362,1.45,1070.0
35386,1.45,780.0
35403,1.45,732.5
35427,1.45,1200.0
35429,2.4,1650.0
35433,1.45,626.67
35457,1.45,1330.0
35487,1.45,1790.0
35504,1.45,531.67
35527,1.45,1255.0
35535,2.15,1305.0
35551,1.45,782.5
35552,1.45,950.0
35599,1.45,1815.0
35614,1.8,1720.0
35664,1.45,1720.0
35691,1.45,1835.0
35693,1.45,1490.0
35709,1.45,872.5
35747,1.45,1910.0
35762,1.45,1260.0
35774,1.45,920.0
35813,1.45,1835.0
35820,1.45,1795.0
35840,1.45,850.0
35855,1.45,658.33
35883,2.4,452.5
35900,1.95,455.0
35915,1.45,486.25
35940,1.45,1615.0
35944,1.5,1930.0
35960,1.45,490.0
35961,1.45,1330.0
36035,1.45,1280.0
36067,1.45,1820.0
36117,1.45,892.5
36145,1.45,1635.0
36160,1.45,830.0
36179,1.45,470.0
36205,1.45,490.0
36270,2.55,1900.0
36276,3.0,1220.0
36285,1.45,970.0
36353,1.45,593.33
36379,1.8,1805.0
36393,1.45,1450.0
36402,2.4,1015.0
36416,1.45,1910.0
36417,1.8,586.67
36440,1.45,1655.0
36460,3.0,1965.0
36544,1.8,472.5
36556,1.8,1295.0
36580,1.8,1965.0
36647,1.45,1205.0
36733,1.8,1275.0
36754,1.45,907.5
36815,1.95,860.0
36856,1.8,550.0
36893,2.0,1430.0
37009,1.45,1025.0
37074,1.45,443.75
37094,1.45,507.5
37100,1.45,1755.0
37145,1.45,1925.0
37152,1.5,842.5
37245,1.45,473.75
37250,1.8,865.0
37260,1.45,575.0
37263,2.45,1895.0
37281,1.45,1295.0
37495,1.45,1450.0
37500,1.8,1230.0
37526,1.45,1650.0
37539,1.45,965.0
37593,1.45,585.0
37596,1.45,845.0
37618,1.45,1615.0
37653,1.45,1035.0
37671,1.45,1090.0
37684,1.45,601.67
37687,1.45,480.0
37764,1.45,472.5
37775,3.5,470.0
37783,1.45,1875.0
37897,1.45,1000.0
37901,1.45,880.0
37913,2.15,470.0
37922,1.45,660.0
37924,1.45,1265.0
37934,1.45,905.0
37949,1.45,865.0
37953,1.8,540.0
37963,1.45,1775.0
37988,1.45,1675.0
38026,1.45,1970.0
38031,1.8,638.33
38056,1.45,487.5
38067,1.45,1230.0
38114,1.45,1500.0
38136,1.45,1040.0
38145,1.45,473.75
38187,1.45,1315.0
38193,1.45,1365.0
38226,1.45,940.0
38232,2.15,1525.0
38240,1.45,452.5
38247,1.45,1920.0
38288,1.45,870.0
38289,1.45,950.0
38320,1.5,1910.0
38359,1.45,550.0
38365,1.45,1915.0
38372,2.0,1370.0
38394,1.45,1715.0
38408,3.0,1630.0
38448,1.8,1095.0
38455,1.8,481.25
38476,1.95,592.5
38494,1.45,586.67
38526,1.45,520.0
38552,1.45,1885.0
38580,1.45,1735.0
38583,1.95,553.33
38646,1.45,1510.0
38651,1.45,1480.0
38707,1.95,615.0
38709,1.45,606.67
38745,1.8,755.0
38747,3.5,1650.0
38790,1.45,1200.0
38797,1.8,1180.0
38858,1.45,660.0
38881,1.8,628.33
38906,1.45,1535.0
38982,1.45,1500.0
38984,1.95,1810.0
39033,1.45,965.0
39034,1.45,1525.0
39037,1.45,482.5
39097,1.45,1515.0
39119,1.45,1250.0
39129,1.45,1815.0
39151,1.45,463.75
39160,1.45,1500.0
39190,1.45,905.0
39301,1.8,442.5
39315,1.45,1615.0
39335,1.5,441.67
39347,1.45,656.67
39388,1.5,1805.0
39399,1.45,1730.0
39427,1.45,1110.0
39464,1.8,1230.0
39470,1.45,1910.0
39483,1.45,965.0
39495,1.95,1115.0
39518,2.4,452.5
39521,1.45,1765.0
39543,1.45,613.33
39555,1.45,1940.0
39566,1.45,1650.0
39567,1.45,656.67
39577,1.5,1740.0
39597,1.45,715.0
39605,1.8,885.0
39637,1.45,496.67
39683,1.45,573.33
39688,1.95,532.5
39706,1.45,623.33
39707,2.2,910.0
39733,1.45,830.0
39779,1.8,925.0
39782,3.0,446.67
39817,1.8,510.0
39834,1.45,1090.0
39841,1.45,441.25
39877,1.45,1980.0
39945,1.45,1970.0
39953,1.45,1920.0
39956,1.45,945.0
39970,1.45,1835.0
39993,1.45,580.0
40047,1.45,1145.0
40080,2.65,1975.0
40131,1.45,1500.0
40141,1.45,1865.0
40160,1.45,1090.0
40207,1.8,585.0
40225,1.45,975.0
40254,3.0,1040.0
40288,1.8,665.0
40331,1.45,857.5
40367,1.45,496.25
40396,1.45,456.25
40407,1.45,732.5
40409,1.45,453.33
40451,1.45,815.0
40456,1.45,1260.0
40459,1.45,1075.0
40474,1.45,1865.0
40494,1.8,521.67
40536,1.8,1615.0
40538,1.45,1590.0
40565,2.55,1495.0
40576,1.45,1910.0
40598,2.65,491.25
40610,1.45,1775.0
40634,1.45,443.75
40665,1.45,1415.0
40679,1.45,1335.0
40695,1.45,1265.0
40706,1.45,480.0
40716,1.45,750.0
40735,1.45,1510.0
40775,1.45,882.5
40829,1.45,905.0
40836,1.45,460.0
40895,1.45,468.33
40901,1.45,1375.0
40903,1.8,467.5
40913,1.45,717.5
40921,1.45,542.5
40940,1.45,1905.0
40951,1.45,643.33
40953,1.45,1260.0
41042,1.45,1795.0
41067,1.45,637.5
41075,1.45,1765.0
41113,2.15,1975.0
41138,1.45,970.0
41202,1.45,441.25
41205,1.45,498.75
41230,1.45,495.0
41238,1.45,1060.0
41283,1.45,1390.0
41369,3.0,1510.0
41401,1.45,847.5
41404,1.5,542.5
41458,1.95,775.0
41467,1.45,526.67
41469,1.95,902.5
41495,1.45,1785.0
41505,1.45,446.25
41513,1.45,643.33
41545,1.45,1300.0
41560,1.45,1175.0
41588,1.45,1720.0
41590,3.0,852.5
41657,1.45,553.33
41682,3.5,1640.0
41707,1.45,455.0
41718,1.45,1955.0
41784,1.45,647.5
41792,2.15,752.5
41816,1.45,1880.0
41833,1.45,932.5
41846,1.8,463.75
41864,1.45,490.0
41865,1.45,560.0
41873,1.45,453.75
41980,1.45,1250.0
41986,2.4,575.0
41988,1.45,488.33
42040,1.45,825.0
42056,1.45,1150.0
42085,1.45,1060.0
42102,3.0,513.33
42141,1.45,497.5
42289,1.45,1185.0
42294,1.45,443.75
42329,1.45,1645.0
42360,1.45,1860.0
42371,1.45,1385.0
42383,1.45,656.67
42394,1.45,1790.0
42418,1.45,1155.0
42463,1.45,1965.0
42484,1.95,1805.0
42495,2.0,1445.0
42497,1.45,522.5
42541,1.45,1720.0
42587,1.45,1340.0
42595,1.45,1495.0
42603,1.45,460.0
42611,3.0,453.75
42621,1.45,1125.0
42644,1.5,1465.0
42665,1.45,1625.0
42673,1.8,1920.0
42725,1.45,800.0
42740,1.45,1595.0
42749,2.4,1095.0
42773,1.8,1450.0
42792,1.45,580.0
42851,1.45,461.25
42858,1.45,1425.0
42867,2.65,945.0
42936,1.45,476.25
42951,1.45,1975.0
42991,1.45,497.5
43010,1.45,480.0
43021,1.45,1110.0
43029,3.0,1380.0
43036,1.45,1695.0
43109,1.45,1775.0
43115,1.45,1410.0
43130,1.45,1895.0
43141,1.45,1605.0
43163,1.45,1140.0
43194,1.45,1470.0
43217,2.4,547.5
43221,1.45,1215.0
43241,1.45,1605.0
43249,1.45,990.0
43281,1.45,1215.0
43313,1.45,935.0
43357,1.45,535.0
43369,1.45,765.0
43380,1.45,835.0
43424,1.45,1615.0
43441,1.8,480.0
43463,1.45,1665.0
43504,1.5,1255.0
43524,1.45,1715.0
43595,1.45,1030.0
43599,3.0,647.5
43602,1.45,1555.0
43611,1.8,662.5
43621,1.45,1550.0
43637,1.45,1075.0
43657,1.45,1780.0
43659,1.45,1550.0
43668,1.45,1395.0
43681,1.45,1140.0
43747,1.45,1705.0
43792,1.45,1565.0
43810,1.45,531.67
43844,1.95,441.25
43875,1.45,1105.0
43877,1.8,1455.0
43896,1.45,588.33
43902,1.8,1705.0
43924,1.45,1375.0
43966,1.45,1970.0
44005,1.5,1165.0
44012,1.45,1065.0
44034,1.45,1750.0
44047,1.45,1225.0
44069,1.45,697.5
44096,1.5,1210.0
44107,1.45,997.5
44155,1.45,490.0
44269,1.45,1175.0
44320,1.45,1065.0
44350,1.45,982.5
44370,1.45,562.5
44378,1.45,1985.0
44423,1.45,1545.0
44432,1.45,635.0
44472,1.8,1510.0
44480,2.55,1190.0
44506,1.45,1200.0
44533,1.45,1970.0
44608,1.45,960.0
44619,1.45,1495.0
44635,1.45,1140.0
44648,1.45,1180.0
44661,1.45,995.0
44678,1.45,1505.0
44747,1.45,1355.0
44779,1.45,1850.0
44847,1.95,578.33
44868,1.45,603.33
44888,1.45,635.0
44898,1.45,483.33
44910,1.45,1640.0
44968,1.45,835.0
44990,1.45,458.75
45069,1.45,1510.0
45093,1.45,1735.0
45102,1.45,481.25
45106,1.45,441.25
45115,1.45,483.75
45140,1.8,855.0
45161,1.45,595.0
45164,1.45,817.5
45199,3.5,1895.0
45230,1.45,1030.0
45237,1.45,895.0
45282,1.95,478.75
45292,1.45,602.5
45311,1.8,1965.0
45334,2.15,1480.0
45421,1.45,1265.0
45476,1.8,1900.0
45481,1.45,493.75
45512,1.45,471.25
45550,1.45,1700.0
45553,1.45,1055.0
45570,1.45,488.75
45582,2.15,1590.0
45599,1.45,470.0
45648,1.45,450.0
45700,1.45,1970.0
45702,1.8,1620.0
45712,1.45,486.25
45728,1.45,487.5
45772,4.5,865.0
45774,1.8,1370.0
45799,1.45,1365.0
45836,1.45,1900.0
45857,1.45,1840.0
45895,2.0,1155.0
45906,1.45,621.67
45909,1.45,470.0
45917,1.45,1540.0
45924,2.0,1300.0
45952,1.45,927.5
46071,1.45,975.0
46131,1.45,1970.0
46143,1.45,850.0
46161,2.65,515.0
46184,1.5,1465.0
46185,1.45,1605.0
46234,1.95,658.33
46268,1.8,583.33
46315,4.5,1435.0
46317,1.8,486.67
46319,1.45,461.67
46358,1.45,1275.0
46376,1.45,905.0
46411,1.45,1975.0
46412,1.95,1465.0
46413,2.0,623.33
46421,1.45,623.33
46494,1.45,1315.0
46507,1.45,458.33
46539,1.45,475.0
46540,1.45,1935.0
46548,2.0,477.5
46551,1.8,465.0
46557,1.8,737.5
46578,1.45,1235.0
46605,1.45,715.0
46633,2.2,1190.0
46642,1.45,482.5
46710,1.45,551.67
46714,1.45,835.0
46722,4.5,1605.0
46727,1.45,1695.0
46740,1.45,641.67
46759,1.45,1600.0
46788,1.45,830.0
46802,1.45,1390.0
46835,1.45,1630.0
46853,1.45,601.67
46877,1.45,1730.0
46895,2.55,960.0
46896,1.45,442.5
46911,1.45,1400.0
46930,1.45,1090.0
46977,1.8,608.33
46983,1.45,460.0
46986,1.45,1005.0
46994,1.8,1260.0
47025,1.45,1085.0
47032,1.45,990.0
47050,1.45,910.0
47070,1.45,1910.0
47114,1.45,1620.0
47115,1.45,1990.0
47173,1.45,455.0
47203,1.45,1825.0
47223,1.45,521.67
47236,1.45,1590.0
47249,1.8,1570.0
47299,1.45,496.67
47306,1.45,1820.0
47309,1.45,960.0
47342,1.45,1160.0
47354,1.5,455.0
47369,1.45,805.0
47377,1.45,1170.0
47413,1.45,1510.0
47424,1.45,482.5
47445,1.5,1050.0
47515,1.45,965.0
47552,1.45,1265.0
47580,4.5,1635.0
47584,1.5,591.67
47588,1.45,451.25
47617,1.45,1070.0
47654,1.45,1880.0
47665,1.45,1540.0
47698,1.45,1570.0
47734,1.45,1415.0
47735,1.45,1570.0
47738,1.45,1285.0
47774,1.45,767.5
47810,1.45,1525.0
47819,1.8,556.67
47832,1.45,1750.0
47838,1.95,526.67
47856,1.45,945.0
47861,2.2,560.0
47873,1.45,917.5
47902,1.45,1565.0
47911,1.8,550.0
47936,2.55,1355.0
47976,1.45,1655.0
48001,1.8,1175.0
48004,1.45,1490.0
48013,1.45,767.5
48020,1.8,1210.0
48048,2.4,1590.0
48119,1.95,490.0
48124,1.45,1900.0
48159,1.45,470.0
48173,1.45,445.0
48195,1.45,1820.0
48220,1.45,1465.0
48238,1.45,1565.0
48250,1.45,482.5
48254,1.45,1120.0
48275,1.45,618.33
48300,1.45,1715.0
48323,1.45,1615.0
48334,1.45,1300.0
48342,1.45,1865.0
48375,1.45,1005.0
48390,1.45,1225.0
48446,1.45,782.5
48463,1.45,525.0
48529,1.45,1690.0
48553,1.45,712.5
48558,1.45,770.0
48563,1.45,1960.0
48579,1.45,1345.0
48620,3.0,473.75
48645,1.45,1800.0
48662,1.45,1550.0
48693,1.45,822.5
48760,1.45,920.0
48788,1.45,1205.0
48791,1.45,1730.0
48797,2.15,960.0
48810,2.65,1060.0
48823,1.45,897.5
48853,1.45,480.0
48872,1.45,1835.0
48915,1.8,807.5
48917,1.8,702.5
48952,1.45,640.0
48993,1.45,595.0
48997,1.45,533.33
49010,1.45,640.0
49016,1.45,1995.0
49094,2.2,1540.0
49136,1.45,657.5
49149,1.45,625.0
49161,1.45,860.0
49200,1.45,523.33
49205,1.45,578.33
49246,1.45,1880.0
49267,1.45,556.67
49285,3.0,491.67
49289,1.45,1325.0
49308,1.8,1205.0
49326,1.45,1420.0
49343,1.45,1400.0
49386,1.8,472.5
49387,1.45,845.0
49398,2.15,1270.0
49421,1.45,1360.0
49433,1.45,526.67
49436,1.45,1675.0
49499,1.95,663.33
49531,1.45,595.0
49586,1.45,1400.0
49604,1.45,805.0
49609,2.4,1095.0
49617,2.15,1755.0
49619,1.45,1515.0
49658,1.45,515.0
49659,1.45,1855.0
49690,1.45,483.33
49704,1.45,1290.0
49705,1.45,1520.0
49730,1.45,587.5
49762,1.45,1520.0
49776,1.45,805.0
49786,1.5,1695.0
49812,1.45,1765.0
49824,1.8,511.67
49850,1.45,1565.0
49854,1.5,837.5
49861,1.45,550.0
49901,1.45,470.0
49973,1.45,1115.0
49982,1.8,1235.0
49985,1.45,1670.0
50005,1.45,1275.0
50006,1.45,1470.0
50046,1.45,618.33
50181,1.45,477.5
50234,1.45,483.33
50287,1.45,486.25
50289,2.15,1430.0
50421,1.45,578.33
50423,1.45,1400.0
50498,1.8,1445.0
50531,1.45,491.67
50563,1.45,1785.0
50630,1.45,491.25
50648,1.45,450.0
50706,1.45,760.0
50709,1.8,470.0
50726,1.8,1140.0
50741,1.45,975.0
50744,2.4,1425.0
50781,1.45,490.0
50783,1.45,1810.0
50784,1.45,608.33
50854,1.45,1855.0
50867,1.45,510.0
50873,1.45,955.0
50874,1.45,1750.0
50921,1.45,483.33
50953,1.45,1675.0
50990,1.45,825.0
51027,1.45,880.0
51091,1.45,525.0
51108,1.45,1470.0
51111,1.45,1270.0
51156,1.45,1190.0
51162,1.45,697.5
51233,1.45,478.75
51288,1.45,1860.0
51289,1.45,1225.0
51292,1.45,553.33
51294,1.45,450.0
51295,1.45,1520.0
51306,1.45,1055.0
51353,1.45,1525.0
51359,2.0,1850.0
51387,1.95,1795.0
51408,1.8,480.0
51439,1.45,1395.0
51465,1.45,475.0
51472,1.45,583.33
51520,1.8,450.0
51542,4.5,463.75
51546,1.8,1735.0
51565,1.45,1280.0
51576,2.25,1435.0
51627,1.8,560.0
51680,1.45,1495.0
51681,1.45,492.5
51697,1.45,1500.0
51703,1.45,1480.0
51736,1.45,481.67
51751,1.45,540.0
51787,2.15,965.0
51790,1.45,1750.0
51798,2.4,656.67
51811,1.45,590.0
51889,1.45,827.5
51893,1.5,591.67
51950,3.0,1605.0
51973,1.8,1875.0
51982,1.45,633.33
52007,1.45,640.0
52009,1.45,1080.0
52078,1.45,1000.0
52083,1.45,595.0
52141,1.45,1005.0
52150,1.45,658.33
52200,1.45,1240.0
52235,1.45,1360.0
52242,1.45,805.0
52247,1.8,1345.0
52269,1.95,890.0
52287,1.8,1410.0
52295,1.45,1100.0
52302,1.45,485.0
52316,1.45,1410.0
52317,2.4,1535.0
52318,1.45,967.5
52347,1.45,637.5
52365,1.45,453.75
52377,3.0,491.67
52410,1.45,482.5
52422,1.8,1365.0
52481,1.45,1630.0
52536,1.8,1295.0
52571,1.45,1775.0
52580,2.15,1340.0
52587,1.45,1530.0
52591,1.45,571.67
52604,1.45,653.33
52614,1.45,481.25
52621,1.45,765.0
52658,1.45,1435.0
52682,1.45,1860.0
52704,1.45,661.67
52725,1.45,500.0
52735,1.45,890.0
52738,1.45,1610.0
52774,1.45,762.5
52800,1.8,1550.0
52808,1.8,1395.0
52815,1.45,820.0
52883,1.45,1795.0
52897,3.0,1765.0
52934,1.45,1775.0
52943,2.2,1720.0
52964,1.45,1890.0
52969,1.45,466.25
53043,1.5,602.5
53055,3.5,1840.0
53062,2.2,965.0
53066,1.45,452.5
53105,1.45,1310.0
53137,1.45,1600.0
53145,1.45,1405.0
53166,1.45,785.0
53173,1.45,1310.0
53182,1.45,1270.0
53207,1.45,491.25
53235,1.45,1390.0
53258,1.45,483.33
53275,1.45,812.5
53280,1.45,807.5
53354,1.45,521.67
53386,1.45,767.5
53399,1.45,1300.0
53425,1.5,1605.0
53444,1.45,1510.0
53449,1.45,805.0
53453,1.95,1865.0
53457,1.45,1115.0
53481,1.45,572.5
53511,1.45,491.25
53512,1.45,627.5
53525,1.45,455.0
53536,1.45,922.5
53545,1.45,553.33
53586,1.45,1355.0
53592,1.95,1660.0
53625,1.45,1500.0
53637,1.45,907.5
53677,1.8,1570.0
53678,1.45,1315.0
53693,1.95,483.33
53730,1.45,1160.0
53781,1.45,1870.0
53797,1.45,1505.0
53806,1.45,1415.0
53807,1.45,677.5
53816,2.25,1325.0
53826,1.45,1635.0
53898,1.45,1410.0
53900,2.15,1240.0
53917,1.45,697.5
53929,1.45,527.5
53932,2.0,1320.0
53940,1.45,567.5
53953,1.45,717.5
54013,1.45,462.5
54075,1.45,1415.0
54128,1.8,1560.0
54154,1.45,1950.0
54161,1.45,1545.0
54176,1.5,1000.0
54260,1.45,1705.0
54264,1.45,1170.0
54265,1.8,1955.0
54294,1.45,1150.0
54319,1.45,1990.0
54322,1.8,472.5
54327,1.45,1970.0
54329,1.45,477.5
54451,1.45,1720.0
54487,1.45,1905.0
54488,1.5,442.5
54495,1.45,1305.0
54512,2.4,1535.0
54550,1.45,965.0
54559,1.45,825.0
54640,1.45,526.67
54748,1.45,1655.0
54752,1.45,1920.0
54775,1.45,1160.0
54791,1.45,622.5
54818,1.8,1225.0
54847,1.45,1985.0
54886,1.45,1505.0
54900,1.45,1410.0
54921,1.45,1165.0
54940,2.45,1460.0
54978,2.4,1950.0
54983,1.45,1455.0
54995,1.45,536.67
55042,1.45,797.5
55051,1.45,1255.0
55055,1.45,1390.0
55071,3.5,820.0
55075,1.8,461.67
55077,1.45,491.25
55115,1.45,517.5
55151,1.45,882.5
55170,1.45,441.25
55179,3.0,822.5
55218,3.0,495.0
55236,1.45,507.5
55251,1.45,1880.0
55270,1.95,1835.0
55294,1.45,1265.0
55302,2.2,1840.0
55314,1.45,451.25
55328,1.45,1465.0
55372,1.45,1460.0
55374,1.45,740.0
55393,1.45,1285.0
55404,1.8,590.0
55416,1.45,1010.0
55446,1.45,1455.0
55481,1.45,997.5
55491,1.45,975.0
55547,1.45,1895.0
55548,1.45,1415.0
55561,1.45,800.0
55567,1.45,488.75
55569,1.45,1895.0
55586,1.45,970.0
55588,1.45,1520.0
55621,1.45,445.0
55646,1.45,468.33
55655,1.45,658.33
55658,2.65,1960.0
55681,1.45,977.5
55685,2.0,1680.0
55709,1.8,1515.0
55733,1.45,497.5
55739,2.15,1430.0
55760,1.5,1480.0
55772,1.45,491.25
55856,1.8,541.67
55862,1.45,900.0
55931,2.4,618.33
55936,1.45,516.67
55938,4.0,1205.0
55944,1.8,1370.0
55964,1.45,975.0
56012,1.45,492.5
56071,1.45,1225.0
56074,1.45,827.5
56083,1.45,606.67
56087,1.45,1275.0
56099,1.45,850.0
56105,1.45,840.0
56132,1.45,567.5
56158,1.45,468.75
56174,1.45,463.75
56218,4.5,1790.0
56233,1.45,1175.0
56235,1.45,1130.0
56239,1.45,1415.0
56254,1.45,1895.0
56313,1.8,1965.0
56337,1.45,1450.0
56352,1.45,1130.0
56384,1.45,785.0
56405,1.45,1295.0
56412,1.45,546.67
56444,1.45,1240.0
56482,1.45,945.0
56527,1.45,1760.0
56543,1.45,1710.0
56596,1.45,1205.0
56704,1.45,630.0
56726,1.45,485.0
56819,1.45,540.0
56849,1.45,1325.0
56882,1.45,1360.0
56907,2.55,1140.0
56932,1.45,491.25
56961,1.45,940.0
56983,1.95,1630.0
56990,1.95,526.67
57059,1.45,817.5
57069,1.8,1845.0
57070,1.45,1575.0
57079,1.45,827.5
57098,1.45,990.0
57171,1.45,1195.0
57213,1.45,977.5
57237,1.45,717.5
57313,1.45,1595.0
57365,1.45,980.0
57372,1.45,480.0
57379,1.45,1355.0
57389,2.45,460.0
57400,1.45,1855.0
57404,1.8,1905.0
57414,1.45,1430.0
57425,1.45,1115.0
57429,2.0,925.0
57436,1.45,1850.0
57468,1.8,815.0
57473,1.95,1180.0
57569,1.45,1335.0
57639,1.45,780.0
57645,1.45,760.0
57655,1.45,1775.0
57657,1.8,1925.0
57662,1.45,915.0
57717,1.45,1765.0
57736,1.45,1240.0
57740,2.2,493.75
57766,1.45,1925.0
57778,1.45,491.25
57942,1.8,850.0
57995,1.45,997.5
58078,1.45,1950.0
58104,1.45,1900.0
58122,1.8,1635.0
58144,1.45,497.5
58147,4.5,1440.0
58160,2.15,1585.0
58168,2.15,1500.0
58170,1.45,485.0
58178,1.45,596.67
58200,1.45,1985.0
58269,1.8,1190.0
58322,1.45,505.0
58351,1.45,663.33
58372,1.45,1495.0
58398,1.45,445.0
58427,1.45,472.5
58439,4.0,450.0
58450,1.45,457.5
58479,1.45,1900.0
58481,1.45,962.5
58517,1.45,1705.0
58523,1.45,1855.0
58531,1.45,1995.0
58557,3.5,490.0
58592,1.95,1855.0
58611,1.45,1770.0
58665,1.45,526.67
58697,2.15,473.75
58701,1.45,1055.0
58798,3.5,1560.0
58870,1.45,1835.0
58881,1.45,443.75
58890,1.45,1130.0
58910,1.45,465.0
58933,1.45,590.0
58967,1.45,800.0
58977,1.45,1805.0
59000,3.0,1155.0
59001,1.45,1590.0
59005,1.45,860.0
59047,1.45,1520.0
59067,2.15,1780.0
59081,1.45,1365.0
59100,1.45,507.5
59103,1.5,795.0
59131,1.8,568.33
59156,1.45,1535.0
59183,5.0,922.5
59239,1.45,835.0
59255,1.45,481.67
59294,2.2,872.5
59317,1.45,805.0
59318,1.45,1420.0
59320,1.45,1185.0
59352,1.45,1220.0
59356,4.5,580.0
59370,1.45,477.5
59376,1.45,1315.0
59511,1.45,463.33
59539,1.45,540.0
59544,1.45,835.0
59554,1.8,482.5
59583,1.45,1590.0
59609,1.45,925.0
59678,1.45,1570.0
59680,1.5,1940.0
59697,1.45,805.0
59704,1.45,817.5
59803,1.45,930.0
59834,1.45,1675.0
59864,1.45,596.67
59873,1.45,800.0
59874,1.95,595.0
59886,1.45,1315.0
59887,1.45,1955.0
59889,1.45,568.33
59905,1.45,445.0
59923,1.45,612.5
59926,1.45,1680.0
59943,1.8,630.0
59950,1.45,608.33
59959,1.45,1805.0
59969,1.8,1880.0
59973,1.5,1950.0
59998,1.45,456.25
60126,1.45,565.0
60137,2.2,1820.0
60197,1.45,787.5
60223,1.45,1090.0
60237,1.45,852.5
60260,1.45,1965.0
60262,1.45,491.25
60295,1.45,1155.0
60330,1.45,1625.0
60341,1.45,1030.0
60345,1.45,687.5
60365,1.45,1555.0
60373,1.45,1795.0
60402,1.45,1040.0
60419,1.8,1390.0
60424,1.45,995.0
60452,1.45,1870.0
60475,1.45,572.5
60476,1.45,502.5
60525,1.45,1575.0
60535,1.45,1655.0
60597,1.45,755.0
60631,1.45,1330.0
60674,1.45,626.67
60678,1.95,1360.0
60695,1.45,1445.0
60765,1.45,496.67
60780,1.45,1395.0
60841,4.5,1430.0
60846,1.45,1865.0
60859,1.45,895.0
60882,1.45,550.0
60910,1.8,1355.0
60912,1.45,1925.0
60919,1.45,603.33
60960,1.45,495.0
60964,1.45,1475.0
60971,1.45,632.5
61001,1.45,1815.0
61005,1.45,1275.0
61086,1.8,1475.0
61106,1.45,1450.0
61127,1.45,1990.0
61152,1.5,537.5
61158,2.2,505.0
61165,1.45,1545.0
61166,1.45,1690.0
61195,1.45,443.33
61222,1.8,1425.0
61250,1.45,1580.0
61275,1.45,1540.0
61307,1.45,1675.0
61320,1.45,655.0
61341,1.45,1385.0
61344,1.45,578.33
61389,2.0,1445.0
61409,1.45,523.33
61422,1.45,1175.0
61459,1.45,1510.0
61497,1.45,473.75
61506,1.45,1940.0
61558,1.45,472.5
61560,1.45,582.5
61572,1.45,1535.0
61584,1.45,1355.0
61604,1.45,1665.0
61643,1.45,1620.0
61656,1.45,1540.0
61666,1.5,885.0
61713,2.45,970.0
61744,1.45,1590.0
61756,1.45,1695.0
61767,1.8,1680.0
61819,1.45,602.5
61832,1.45,1740.0
61871,1.45,1925.0
61897,1.45,475.0
61981,1.45,865.0
62014,1.45,578.33
62021,1.45,1275.0
62036,3.0,865.0
62047,1.8,491.25
62073,1.45,800.0
62078,1.45,1810.0
62093,1.45,882.5
62099,1.45,453.33
62116,1.8,767.5
62122,1.45,1765.0
62124,1.45,611.67
62183,1.45,1510.0
62213,5.0,1680.0
62214,1.45,1290.0
62232,1.45,513.33
62274,1.45,450.0
62328,1.45,615.0
62338,1.45,558.33
62377,1.45,1880.0
62406,1.8,860.0
62407,1.45,1440.0
62417,1.45,568.33
62423,1.45,1670.0
62429,1.45,1480.0
62456,1.45,1325.0
62458,1.45,1560.0
62485,1.45,1585.0
62524,1.45,980.0
62541,1.45,1225.0
62615,1.45,1120.0
62639,1.45,1765.0
62702,1.45,575.0
62707,1.45,1565.0
62746,1.45,1965.0
62765,1.45,615.0
62768,1.45,1965.0
62786,1.45,1285.0
62841,1.45,1395.0
62863,1.45,650.0
62876,1.45,1785.0
62884,1.45,1630.0
62885,1.45,1725.0
62907,1.45,608.33
62909,1.45,1770.0
62917,3.0,661.67
62923,1.45,571.67
62936,1.8,1685.0
62966,1.45,865.0
62970,1.45,790.0
62987,3.0,570.0
62989,1.45,935.0
62995,1.45,970.0
62998,1.45,1870.0
63045,1.45,862.5
63048,1.45,1925.0
63060,1.8,1630.0
63083,4.5,443.33
63111,1.8,480.0
63150,1.45,645.0
63157,1.45,1765.0
63232,1.45,1835.0
63258,1.45,1405.0
63273,1.45,1585.0
63284,1.45,1385.0
63292,1.8,1440.0
63335,1.45,1010.0
63374,1.45,1975.0
63380,1.45,800.0
63422,1.45,1625.0
63430,1.45,1340.0
63446,1.45,1765.0
63471,1.8,1210.0
63497,1.45,1730.0
63507,1.45,638.33
63515,2.15,1765.0
63529,1.8,1065.0
63569,2.0,717.5
63605,1.45,532.5
63614,1.45,1650.0
63625,1.8,1605.0
63665,1.45,627.5
63676,1.45,1860.0
63715,1.45,1625.0
63721,1.45,653.33
63738,1.45,970.0
63812,4.5,1695.0
63821,1.45,1055.0
63849,1.8,1540.0
63862,1.45,486.67
63865,1.8,1415.0
63890,1.45,1975.0
63898,1.8,827.5
63909,1.45,568.33
63918,1.45,541.67
63924,1.45,472.5
63945,1.45,460.0
63967,1.45,1145.0
64000,1.45,1645.0
64096,1.45,550.0
64099,1.45,495.0
64147,1.45,1550.0
64188,1.45,650.0
64192,1.45,875.0
64198,1.45,1085.0
64200,1.45,1375.0
64208,1.8,1780.0
64218,2.2,1515.0
64225,1.45,615.0
64268,1.45,1740.0
64272,1.45,1975.0
64304,1.8,522.5
64314,1.45,536.67
64327,1.45,448.75
64354,2.4,588.33
64384,1.45,1195.0
64406,1.45,1520.0
64472,1.8,1215.0
64476,1.45,1765.0
64528,1.45,453.75
64573,1.45,1095.0
64581,1.45,625.0
64583,1.5,852.5
64605,1.8,566.67
64619,1.45,812.5
64627,1.45,498.33
64653,1.45,1950.0
64658,1.45,890.0
64691,1.45,860.0
64715,1.45,1460.0
64738,1.8,1595.0
64761,1.45,631.67
64772,1.45,1075.0
64781,1.45,598.33
64800,1.95,1660.0
64884,1.8,455.0
64890,1.8,476.67
64930,1.45,445.0
64959,1.8,702.5
64966,3.5,690.0
64983,1.45,1225.0
64993,1.45,1320.0
64994,2.15,1110.0
65002,1.45,1215.0
65010,1.45,1495.0
65012,1.45,890.0
65044,1.95,1520.0
65063,1.45,940.0
65081,1.45,1895.0
65108,1.45,1320.0
65112,2.45,1770.0
65133,1.45,895.0
65178,1.45,840.0
65219,3.5,1935.0
65280,1.45,1115.0
65294,2.2,860.0
65342,2.45,970.0
65350,1.45,552.5
65396,1.45,1680.0
65400,1.8,1625.0
65456,1.8,877.5
65471,1.45,542.5
65491,1.45,483.33
65499,1.45,481.25
65522,1.45,1045.0
65526,1.45,583.33
65538,1.45,493.75
65578,2.25,441.25
65581,1.45,710.0
65612,1.45,485.0
65639,1.45,950.0
65643,1.45,1755.0
65669,1.45,578.33
65732,1.45,1105.0
65744,1.45,618.33
65757,1.45,1470.0
65781,1.45,542.5
65802,1.45,1670.0
65826,2.2,960.0
65861,1.45,1770.0
65897,2.25,942.5
65913,1.45,656.67
65917,1.45,473.33
65960,1.45,443.75
65978,1.45,1570.0
66029,1.45,1510.0
66049,1.45,1695.0
66054,2.2,513.33
66064,3.0,505.0
66097,1.45,541.67
66106,1.45,1470.0
66113,1.45,1010.0
66154,1.45,1710.0
66172,1.45,1475.0
66182,1.45,955.0
66183,1.8,1750.0
66196,1.45,481.25
66203,1.45,1750.0
66232,2.55,1420.0
66237,1.95,460.0
66244,1.45,1380.0
66261,1.45,593.33
66294,1.45,1665.0
66315,2.55,1080.0
66383,1.95,1495.0
66418,1.45,1000.0
66433,1.45,865.0
66456,1.45,1145.0
66539,1.8,1555.0
66566,1.8,520.0
66623,1.45,466.25
66627,1.45,750.0
66635,1.45,1470.0
66642,1.45,523.33
66657,1.8,528.33
66715,1.5,1730.0
66742,1.45,650.0
66759,1.45,922.5
66799,1.45,870.0
66817,1.45,470.0
66859,1.45,915.0
66869,1.45,1730.0
66886,1.45,1050.0
66892,1.45,1380.0
66898,1.45,1875.0
66899,1.8,442.5
66905,1.45,1855.0
66941,1.45,865.0
66944,1.45,1040.0
66949,1.45,1475.0
66956,1.45,1345.0
66973,1.45,485.0
66986,1.45,1840.0
67016,2.0,470.0
67017,1.45,1245.0
67098,1.45,615.0
67120,2.15,1230.0
67152,1.8,490.0
67182,1.45,1055.0
67215,1.95,1785.0
67244,1.45,995.0
67259,2.4,1935.0
67297,1.45,1250.0
67308,1.45,623.33
67349,1.8,548.33
67370,1.45,1020.0
67371,1.45,476.67
67382,1.45,626.67
67440,1.45,530.0
67457,1.45,925.0
67515,1.45,640.0
67574,1.95,630.0
67579,1.45,1990.0
67584,1.45,591.67
67599,1.45,1505.0
67603,1.45,587.5
67627,1.45,496.67
67640,1.45,468.33
67652,1.45,535.0
67693,2.65,1165.0
67695,1.45,1640.0
67779,1.45,1890.0
67809,1.45,1040.0
67840,1.45,1650.0
67853,1.45,1205.0
67873,2.65,491.25
67943,1.45,556.67
67946,2.15,1375.0
67954,1.45,583.33
67966,1.8,1645.0
67977,1.45,925.0
68018,1.45,990.0
68033,2.25,987.5
68061,1.45,626.67
68108,1.45,930.0
68134,2.4,1345.0
68137,1.8,700.0
68161,1.8,450.0
68163,1.45,1010.0
68198,1.45,920.0
68230,1.8,1860.0
68275,1.45,555.0
68276,1.45,767.5
68337,1.45,1300.0
68360,1.45,576.67
68378,1.45,905.0
68429,1.45,1495.0
68455,1.8,995.0
68493,1.45,1875.0
68501,1.45,1520.0
68511,1.45,1085.0
68562,2.2,1315.0
68563,1.95,1915.0
68580,1.45,453.75
68609,1.8,490.0
68656,1.45,618.33
68657,1.45,1625.0
68704,2.65,647.5
68705,1.45,592.5
68720,1.45,638.33
68749,1.8,980.0
68829,1.45,1320.0
68848,2.4,577.5
68855,1.45,935.0
68873,1.45,880.0
68890,1.45,1655.0
68934,1.45,491.25
68957,1.45,1175.0
68979,1.45,511.67
69072,1.45,935.0
69096,1.45,1185.0
69176,1.8,1245.0
69228,1.45,925.0
69286,1.45,490.0
69330,1.45,483.75
69340,1.45,620.0
69361,1.8,647.5
69367,1.45,456.25
69398,1.45,1455.0
69411,1.45,1415.0
69449,3.0,586.67
69499,1.45,1210.0
69523,1.45,920.0
69547,1.45,1655.0
69549,1.45,498.75
69564,1.45,461.25
69617,1.45,865.0
69635,1.8,1040.0
69652,2.4,1250.0
69680,1.45,1145.0
69683,1.45,1685.0
69711,1.45,1610.0
69744,1.45,895.0
69769,1.45,1900.0
69773,1.5,1935.0
69794,4.0,463.75
69854,3.0,905.0
69872,1.45,895.0
69891,1.8,542.5
69924,1.45,1295.0
69959,1.95,1765.0
70013,1.45,1730.0
70046,1.45,1505.0
70088,1.45,575.0
70146,1.45,495.0
70152,1.45,792.5
70154,1.45,960.0
70158,1.45,1835.0
70164,1.45,935.0
70238,1.45,616.67
70248,1.45,1380.0
70299,1.45,505.0
70342,1.45,1530.0
70391,2.15,1765.0
70452,1.45,1490.0
70476,1.45,1810.0
70484,2.25,1245.0
70489,1.45,546.67
70539,1.45,1855.0
70629,1.45,1105.0
70643,1.45,1720.0
70709,1.45,653.33
70850,1.45,640.0
70875,1.45,1695.0
70887,1.45,1915.0
70923,1.95,1560.0
70939,1.45,1120.0
70969,2.4,1365.0
70985,1.45,1550.0
70993,1.45,1945.0
71000,1.5,576.67
71001,1.5,455.0
71006,1.45,1915.0
71037,1.45,601.67
71049,1.45,451.25
71056,1.5,1085.0
71150,1.45,1965.0
71201,1.45,1205.0
71204,1.45,608.33
71252,1.45,1995.0
71257,1.45,1625.0
71296,1.45,817.5
71317,1.45,450.0
71412,1.45,980.0
71431,1.45,1245.0
71496,1.45,471.67
71499,1.45,626.67
71531,1.45,1020.0
71556,1.45,1695.0
71564,1.45,1520.0
71571,1.45,482.5
71625,1.45,1520.0
71627,1.45,490.0
71631,1.45,638.33
71647,1.45,820.0
71684,2.15,1055.0
71690,1.45,965.0
71696,1.45,1510.0
71699,1.45,445.0
71710,2.55,1840.0
71740,1.45,855.0
71752,1.8,493.33
71763,1.45,1100.0
71788,1.45,1255.0
71805,1.45,560.0
71809,1.45,575.0
71812,1.45,977.5
71814,1.45,982.5
71859,1.45,460.0
71928,1.45,1600.0
71988,1.45,445.0
72034,1.45,1735.0
72112,1.45,892.5
72121,1.95,1640.0
72137,2.25,602.5
72151,3.0,1160.0
72167,1.45,480.0
72174,1.45,1100.0
72182,1.45,1430.0
72198,1.45,486.67
72206,1.45,622.5
72253,1.8,1120.0
72272,1.45,445.0
72283,1.45,1635.0
72295,1.45,495.0
72302,3.5,1985.0
72306,1.45,852.5
72323,1.45,1095.0
72347,1.45,493.75
72352,1.95,492.5
72374,1.8,900.0
72470,1.45,980.0
72491,1.45,536.67
72532,2.15,810.0
72541,1.45,1855.0
72576,1.45,630.0
72587,1.45,471.25
72614,1.45,1105.0
72700,1.8,593.33
72720,1.45,1465.0
72723,1.5,470.0
72725,1.45,647.5
72745,1.8,528.33
72758,1.45,885.0
72789,1.45,760.0
72818,4.5,845.0
72888,1.45,456.67
72909,1.45,1015.0
72920,1.8,463.33
72931,1.45,1450.0
72946,1.5,1670.0
72951,2.4,870.0
72960,1.45,1270.0
72966,1.45,1235.0
72984,1.45,442.5
72995,1.45,1205.0
73017,1.45,462.5
73027,1.45,1480.0
73077,1.45,1295.0
73146,1.45,570.0
73155,1.45,530.0
73171,1.45,662.5
73281,4.5,636.67
73285,3.5,732.5
73293,1.45,641.67
73344,1.45,493.75
73353,1.45,1365.0
73362,1.95,1040.0
73393,3.5,1975.0
73435,2.0,1035.0
73456,1.45,568.33
73468,2.2,1755.0
73474,1.45,815.0
73487,2.2,1900.0
73526,1.45,455.0
73575,1.45,1560.0
73612,1.45,1725.0
73615,1.45,1460.0
73639,1.45,1330.0
73668,1.45,1605.0
73672,1.8,1690.0
73708,1.45,1890.0
73735,1.45,490.0
73744,1.45,663.33
73788,1.45,477.5
73821,1.45,1860.0
73837,1.45,885.0
73842,1.45,1175.0
73846,1.45,1215.0
73878,1.8,458.33
73880,1.45,493.75
73895,1.45,1175.0
73907,1.45,1720.0
73908,1.95,1355.0
74045,1.8,541.67
74051,1.45,631.67
74075,1.45,922.5
74077,1.45,645.0
74092,2.0,498.33
74119,1.45,463.33
74130,1.45,1190.0
74134,1.5,1580.0
74155,2.15,1905.0
74169,1.45,1285.0
74182,1.45,487.5
74218,1.45,985.0
74240,1.45,1475.0
74265,1.45,1930.0
74280,2.4,1625.0
74308,1.45,1855.0
74312,1.45,965.0
74339,2.45,950.0
74361,1.45,1770.0
74400,2.0,468.75
74408,1.45,1485.0
74438,1.45,910.0
74456,1.45,852.5
74469,1.45,640.0
74519,1.45,1830.0
74520,1.45,1620.0
74531,1.45,967.5
74536,1.45,860.0
74550,1.45,1760.0
74577,1.45,840.0
74600,2.0,1640.0
74604,1.45,581.67
74619,1.45,1190.0
74627,1.45,1010.0
74632,1.45,1395.0
74676,1.45,910.0
74694,1.45,822.5
74700,1.45,473.75
74725,2.4,452.5
74767,1.45,1170.0
74804,1.45,965.0
74841,1.45,456.67
74847,1.8,1600.0
74851,1.8,1650.0
74881,2.4,1010.0
74973,1.45,1315.0
75016,1.45,1275.0
75079,1.45,1885.0
75114,1.45,1680.0
75163,1.45,900.0
75170,1.45,1465.0
75182,1.8,697.5
75207,1.5,812.5
75213,1.45,1485.0
75231,1.45,1810.0
75250,1.45,840.0
75254,1.45,1090.0
75286,1.45,1200.0
75319,1.45,1295.0
75338,1.45,1965.0
75345,1.45,945.0
75362,1.8,865.0
75374,1.45,780.0
75379,1.45,443.75
75381,1.45,835.0
75396,1.45,1930.0
75429,1.45,1070.0
75435,3.0,475.0
75448,1.45,1225.0
75477,2.15,1285.0
75537,2.4,1790.0
75552,1.45,1970.0
75603,1.45,1380.0
75665,1.45,1970.0
75669,1.95,1010.0
75708,1.45,1880.0
75715,1.45,616.67
75748,1.45,453.75
75771,1.45,617.5
75816,1.45,450.0
75823,1.45,660.0
75829,1.45,1605.0
75833,1.8,1750.0
75836,1.45,1735.0
75841,1.8,496.67
75846,1.45,1270.0
75857,1.45,556.67
75868,1.45,755.0
75893,1.95,461.67
75904,1.45,1250.0
75908,1.45,463.75
75924,1.45,807.5
75944,1.8,1815.0
76022,1.45,1995.0
76062,1.45,855.0
76065,1.95,1185.0
76086,1.95,530.0
76093,1.45,443.75
76112,1.45,1730.0
76131,1.45,645.0
76149,1.45,715.0
76152,1.45,895.0
76235,1.45,1775.0
76328,1.45,1775.0
76369,1.45,1735.0
76393,1.45,1875.0
76402,1.45,665.0
76468,1.45,1890.0
76492,1.45,493.33
76498,1.45,628.33
76546,1.45,895.0
76569,1.45,1525.0
76581,1.45,892.5
76584,1.95,556.67
76607,2.4,1845.0
76654,1.45,465.0
76665,1.45,1295.0
76687,1.45,1445.0
76710,1.45,570.0
76734,2.4,1665.0
76760,1.45,1830.0
76804,2.45,492.5
76808,1.95,566.67
76812,1.45,815.0
76839,1.8,1470.0
76856,1.45,1975.0
76898,1.45,1215.0
76906,2.15,875.0
76930,1.5,1390.0
76946,1.45,493.75
76993,2.4,1950.0
77063,1.45,630.0
77064,1.45,1025.0
77120,1.45,1865.0
77159,1.45,1705.0
77183,1.45,591.67
77195,1.45,1950.0
77214,1.45,453.33
77217,1.45,1655.0
77237,1.45,521.67
77243,1.45,990.0
77273,1.45,950.0
77301,1.45,727.5
77357,1.95,1130.0
77363,1.45,521.67
77380,1.45,487.5
77395,1.45,1290.0
77407,2.25,471.67
77410,1.45,927.5
77446,1.45,1615.0
77479,1.45,1960.0
77512,1.45,1545.0
77527,1.45,1310.0
77557,2.0,1700.0
77560,1.45,1475.0
77620,3.0,1065.0
77638,1.45,680.0
77687,1.5,1085.0
77699,1.45,1540.0
77761,1.45,1780.0
77763,1.45,635.0
77787,1.8,1575.0
77832,2.65,1925.0
77922,1.45,1780.0
77948,1.45,1850.0
77974,2.55,623.33
77993,1.45,1550.0
78000,1.45,573.33
78017,1.45,965.0
78055,1.45,1600.0
78057,1.45,1340.0
78062,1.45,448.75
78092,1.45,815.0
78093,2.25,815.0
78177,1.45,870.0
78198,1.45,553.33
78223,1.45,1400.0
78258,1.45,1285.0
78273,1.8,1885.0
78306,1.45,500.0
78345,2.4,1570.0
78360,1.45,1285.0
78415,1.45,840.0
78418,1.45,855.0
78422,1.45,487.5
78440,4.5,1650.0
78458,1.45,1500.0
78468,1.45,925.0
78472,1.45,615.0
78509,1.45,1020.0
78548,1.45,460.0
78568,1.8,1895.0
78589,1.45,650.0
78603,1.5,1735.0
78628,1.45,512.5
78647,1.45,1240.0
78671,2.25,1600.0
78780,1.45,483.75
78790,1.45,1285.0
78804,1.45,1605.0
78886,1.8,997.5
78904,1.45,1000.0
78963,1.95,1605.0
78974,1.45,581.67
78988,1.45,1365.0
78993,2.4,875.0
79064,1.8,860.0
79091,1.45,1245.0
79121,1.45,445.0
79123,1.95,740.0
79147,1.45,462.5
79161,1.45,975.0
79174,1.45,1815.0
79175,2.2,441.67
79196,1.45,1530.0
79273,1.45,1685.0
79283,1.45,1310.0
79384,1.45,1930.0
79386,1.45,656.67
79391,1.45,471.25
79480,1.8,1080.0
79497,1.45,892.5
79500,1.45,780.0
79510,1.45,1770.0
79546,1.45,1250.0
79656,2.65,1655.0
79669,1.45,930.0
79674,1.45,1705.0
79677,1.45,1440.0
79698,1.95,1380.0
79716,1.95,500.0
79739,1.45,910.0
79779,1.8,1085.0
79829,1.45,1670.0
79841,1.45,656.67
79893,1.45,1720.0
79895,2.25,1520.0
79941,1.45,486.67
79963,1.45,820.0
79971,1.45,1960.0
79999,1.45,1540.0
80005,2.65,775.0
80006,1.45,1645.0
80064,2.55,1795.0
80073,1.45,845.0
80080,1.45,1145.0
80083,1.45,475.0
80106,1.45,1550.0
80140,1.95,890.0
80144,1.45,1555.0
80150,1.8,960.0
80186,1.45,1710.0
80211,1.45,558.33
80245,1.45,457.5
80252,1.45,1570.0
80336,1.45,1950.0
80424,1.45,1310.0
80438,2.2,1045.0
80477,1.45,1340.0
80494,2.25,920.0
80507,1.45,468.75
80508,1.45,633.33
80512,1.45,857.5
80590,1.45,560.0
80626,1.45,573.33
80627,1.45,456.67
80632,1.5,1090.0
80638,1.45,1800.0
80658,1.8,491.67
80661,1.8,576.67
80695,1.45,1030.0
80697,1.45,1215.0
80711,1.45,1600.0
80752,1.45,945.0
80763,1.8,587.5
80767,1.45,1070.0
80772,1.45,647.5
80785,1.45,505.0
80792,1.45,975.0
80801,3.0,927.5
80808,1.45,1540.0
80816,1.45,792.5
80844,1.45,1780.0
80850,1.45,1105.0
80884,1.45,1675.0
80917,1.45,493.75
80985,1.45,1670.0
81026,1.45,633.33
81185,1.45,1585.0
81219,1.45,1240.0
81220,1.45,1955.0
81295,1.45,1465.0
81302,1.45,860.0
81309,1.5,1305.0
81375,1.45,960.0
81385,1.45,972.5
81404,1.45,1595.0
81434,1.45,632.5
81455,2.25,503.33
81480,1.45,997.5
81487,1.8,1410.0
81497,1.45,1650.0
81540,1.45,855.0
81568,1.45,1740.0
81590,1.45,860.0
81593,1.45,1505.0
81637,1.45,651.67
81649,1.45,677.5
81652,1.45,460.0
81676,1.8,498.75
81687,1.45,443.75
81705,1.45,1425.0
81729,1.45,1395.0
81738,1.45,497.5
81825,1.45,576.67
81835,1.45,451.67
81845,1.45,885.0
81861,3.0,505.0
81897,1.45,1500.0
81912,1.45,576.67
81918,1.45,1715.0
81956,1.5,1350.0
82015,1.45,603.33
82019,1.45,930.0
82073,1.45,985.0
82104,1.45,1530.0
82112,2.45,445.0
82199,1.45,1790.0
82224,1.45,1930.0
82267,2.2,456.25
82313,1.45,1090.0
82341,1.45,500.0
82399,1.95,1915.0
82427,2.2,1715.0
82447,1.95,835.0
82452,4.5,1290.0
82519,1.45,608.33
82527,1.45,1195.0
82585,4.5,1310.0
82639,1.45,827.5
82647,1.5,465.0
82652,1.45,1415.0
82687,1.45,760.0
82704,1.45,1995.0
82706,1.45,770.0
82725,1.8,975.0
82744,1.45,636.67
82765,1.45,468.75
82767,1.45,1090.0
82780,1.45,1665.0
82823,1.45,463.75
82829,1.45,1950.0
82853,1.45,1440.0
82861,1.45,633.33
82862,1.45,1945.0
82865,1.45,481.67
82874,1.5,442.5
82886,1.45,452.5
82909,1.8,1830.0
82931,1.45,1120.0
82953,1.45,1980.0
82958,1.45,1775.0
83036,1.45,1990.0
83050,1.45,588.33
83061,2.0,470.0
83067,1.45,1195.0
83177,1.45,845.0
83178,1.45,603.33
83210,1.45,471.67
83215,1.8,560.0
83222,1.45,1760.0
83236,1.45,887.5
83295,2.4,520.0
83304,1.45,830.0
83325,1.45,865.0
83427,1.45,1035.0
83454,1.45,980.0
83457,1.45,820.0
83493,2.65,1415.0
83533,1.5,1010.0
83551,1.5,640.0
83574,1.45,1540.0
83578,2.4,1495.0
83601,1.8,641.67
83681,1.45,1160.0
83726,1.45,1035.0
83741,1.45,653.33
83742,1.45,1190.0
83765,1.45,905.0
83788,1.8,1745.0
83789,1.45,840.0
83810,1.45,453.75
83818,1.45,920.0
83845,1.45,900.0
83907,1.45,877.5
83908,1.45,1625.0
83910,1.45,765.0
83928,1.95,1930.0
83934,3.0,1520.0
83935,1.8,915.0
83982,1.45,590.0
83985,1.45,1095.0
84000,1.45,1475.0
84051,1.45,1245.0
84128,1.45,1120.0
84136,1.45,572.5
84138,1.45,1780.0
84143,1.45,710.0
84151,1.45,1850.0
84169,1.8,1925.0
84189,1.45,1940.0
84192,1.45,1855.0
84224,1.45,1210.0
84298,1.45,1570.0
84302,1.8,1970.0
84316,1.45,1890.0
84326,1.45,1650.0
84363,1.45,455.0
84377,1.45,1975.0
84484,1.45,577.5
84496,1.45,1120.0
84498,1.8,1440.0
84504,1.45,900.0
84594,1.45,925.0
84658,1.45,1670.0
84702,1.45,1750.0
84757,2.2,1465.0
84763,1.45,482.5
84766,1.45,1770.0
84779,1.45,1140.0
84786,1.8,1640.0
84803,3.0,1670.0
84863,1.45,1285.0
84893,1.45,585.0
84895,1.45,1600.0
84897,1.45,495.0
84926,1.45,1390.0
84931,1.45,1355.0
84946,1.45,1840.0
84959,1.45,885.0
85079,1.45,720.0
85119,1.95,802.5
85144,1.95,1505.0
85153,1.45,650.0
85170,1.45,1845.0
85199,1.45,1020.0
85247,1.45,1515.0
85270,1.45,640.0
85311,1.8,1510.0
85314,1.45,657.5
85345,1.8,560.0
85391,1.45,510.0
85436,1.45,970.0
85457,1.45,1730.0
85477,2.55,680.0
85519,1.95,835.0
85568,1.8,1520.0
85593,1.45,892.5
85642,3.5,1290.0
85664,1.45,840.0
85691,1.45,470.0
85701,1.45,1580.0
85767,1.45,820.0
85774,1.45,618.33
85824,2.65,980.0
85885,1.45,596.67
85898,2.4,1990.0
85945,1.45,595.0
85958,2.4,890.0
85983,1.45,491.25
85984,1.45,1320.0
86161,1.45,1580.0
86178,1.5,1215.0
86194,1.45,456.25
86199,1.45,1755.0
86203,1.5,480.0
86266,1.45,1155.0
86267,2.45,1215.0
86269,1.45,860.0
86272,1.45,1525.0
86294,1.45,1105.0
86355,1.45,585.0
86440,1.45,1580.0
86448,1.45,1740.0
86458,3.0,495.0
86539,1.45,1745.0
86554,1.45,450.0
86558,1.45,580.0
86583,2.0,1100.0
86637,2.55,1190.0
86710,1.45,1035.0
86819,1.45,1745.0
86926,1.45,1670.0
86927,1.45,1855.0
86933,3.0,457.5
86965,1.45,496.25
86967,1.45,1785.0
86984,1.45,485.0
87006,1.45,1570.0
87017,1.95,1740.0
87018,1.45,1395.0
87025,1.45,1090.0
87036,1.45,1760.0
87048,1.45,1720.0
87061,1.45,1985.0
87068,1.45,905.0
87080,1.45,1135.0
87087,1.95,875.0
87098,1.45,585.0
87118,1.45,596.67
87175,1.45,1785.0
87207,1.95,1060.0
87218,1.45,483.33
87226,1.8,1785.0
87263,1.45,1970.0
87271,1.45,1225.0
87273,1.5,625.0
87324,1.45,453.75
87332,2.4,1850.0
87388,1.45,840.0
87486,1.45,603.33
87516,1.8,601.67
87573,1.45,1975.0
87578,1.45,1895.0
87599,1.45,450.0
87604,1.45,985.0
87605,1.45,1505.0
87633,1.45,660.0
87668,2.55,543.33
87674,4.0,980.0
87731,1.45,950.0
87765,1.45,1270.0
87768,2.4,1100.0
87770,1.45,456.25
87815,1.8,1765.0
87847,1.45,1125.0
87861,2.55,446.67
87865,1.8,1860.0
87867,1.45,495.0
87873,2.65,1725.0
87886,2.0,1790.0
87971,1.45,540.0
88027,1.45,1630.0
88041,1.45,905.0
88064,1.45,1510.0
88080,1.45,1430.0
88124,1.45,1170.0
88126,2.15,520.0
88148,1.45,441.67
88155,1.45,1590.0
88188,1.45,1860.0
88203,1.45,1145.0
88266,1.45,1555.0
88267,1.95,601.67
88283,1.45,1935.0
88284,1.45,835.0
88298,1.45,1645.0
88301,1.45,1505.0
88314,1.45,1405.0
88315,1.45,642.5
88363,1.45,570.0
88373,2.65,650.0
88390,1.45,992.5
88411,1.95,1270.0
88412,1.45,1530.0
88429,1.45,1260.0
88477,1.45,557.5
88540,1.45,952.5
88554,1.8,1595.0
88555,1.45,1245.0
88560,2.4,1760.0
88582,1.45,1700.0
88698,1.45,802.5
88700,2.2,1705.0
88706,1.95,1480.0
88709,1.45,1975.0
88729,2.4,1375.0
88746,1.45,630.0
88754,1.45,1205.0
88761,1.8,1620.0
88821,1.8,940.0
88837,1.45,1065.0
88859,1.45,581.67
88863,1.45,616.67
88873,1.95,453.33
88944,1.45,1900.0
88957,1.45,1085.0
88987,1.45,527.5
88992,1.5,1995.0
89050,1.8,1765.0
89064,1.5,1465.0
89073,1.95,1115.0
89112,1.45,1615.0
89140,1.45,960.0
89141,1.5,1585.0
89175,1.45,1780.0
89210,2.55,1935.0
89213,1.45,500.0
89294,1.45,470.0
89301,1.45,992.5
89393,1.45,1845.0
89399,1.5,453.33
89459,1.45,447.5
89461,1.45,1780.0
89478,3.0,1570.0
89485,1.45,1535.0
89487,1.95,1845.0
89525,1.45,1585.0
89530,1.8,1150.0
89542,1.45,602.5
89545,1.45,457.5
89603,2.0,1205.0
89625,2.4,463.75
89631,1.8,526.67
89637,1.45,1925.0
89638,1.45,647.5
89659,3.5,1685.0
89660,1.45,1315.0
89673,1.45,940.0
89728,1.45,795.0
89771,1.45,1400.0
89847,1.45,1525.0
89853,2.0,1480.0
89920,1.8,455.0
89944,1.45,655.0
89974,1.45,1855.0
89982,1.45,955.0
89993,2.25,493.75
90083,3.0,1025.0
90147,1.45,1425.0
90176,1.45,470.0
90330,1.45,585.0
90334,1.45,1320.0
90349,2.0,710.0
90352,1.8,446.67
90408,1.45,600.0
90435,1.45,1895.0
90448,2.4,485.0
90482,1.45,965.0
90502,1.45,1405.0
90505,1.45,1600.0
90550,1.8,576.67
90561,2.0,1460.0
90574,1.45,542.5
90601,1.45,860.0
90681,1.8,1765.0
90684,1.45,453.33
90689,2.15,1010.0
90711,1.8,545.0
90714,1.8,661.67
90715,1.45,496.25
90745,1.45,458.33
90751,1.45,1875.0
90781,2.0,1525.0
90783,1.45,1300.0
90830,1.95,880.0
90923,1.8,1120.0
90931,1.45,1905.0
90958,1.45,1395.0
91010,1.45,588.33
91055,1.45,1610.0
91069,1.8,1825.0
91091,1.45,1655.0
91134,1.45,1395.0
91145,1.45,1520.0
91172,1.45,1955.0
91174,1.45,1980.0
91186,1.45,1285.0
91230,1.45,1850.0
91238,1.45,645.0
91258,1.45,1730.0
91264,1.45,513.33
91268,1.45,455.0
91276,1.45,1560.0
91294,2.15,1440.0
91305,1.8,1990.0
91324,1.45,1345.0
91338,3.5,1820.0
91359,1.45,450.0
91393,1.8,602.5
91407,2.2,488.75
91409,1.45,570.0
91427,1.45,1540.0
91436,1.45,452.5
91456,1.45,1105.0
91468,1.45,1455.0
91520,1.45,1575.0
91625,1.45,1215.0
91627,1.8,616.67
91655,1.45,1335.0
91660,1.45,1935.0
91672,1.95,1360.0
91684,1.45,506.67
91686,1.8,553.33
91695,1.8,975.0
91719,1.45,1720.0
91733,1.45,827.5
91748,1.45,1985.0
91749,1.45,845.0
91788,1.45,915.0
91792,2.4,925.0
91819,1.45,1980.0
91835,3.5,1420.0
91844,1.45,910.0
91890,1.45,472.5
91906,1.45,455.0
91964,1.95,905.0
91987,1.45,1800.0
92018,1.45,585.0
92030,1.45,1485.0
92061,1.45,630.0
92067,1.45,940.0
92091,1.45,1910.0
92097,1.45,441.25
92113,1.45,1845.0
92154,1.45,855.0
92165,2.55,640.0
92174,1.45,1065.0
92185,1.45,472.5
92205,1.45,1675.0
92210,1.8,1240.0
92226,4.0,965.0
92229,1.95,1750.0
92237,1.45,1020.0
92253,1.45,496.67
92265,1.45,1525.0
92278,1.45,543.33
92284,1.45,480.0
92325,3.0,845.0
92336,1.45,990.0
92386,2.2,1950.0
92399,3.0,518.33
92413,1.45,1060.0
92416,1.45,705.0
92428,1.45,1580.0
92468,1.95,463.33
92469,1.8,1930.0
92488,1.45,1945.0
92498,1.45,450.0
92499,1.95,458.33
92506,1.45,980.0
92524,1.45,742.5
92566,2.4,805.0
92591,1.45,1525.0
92610,4.5,980.0
92614,1.45,1370.0
92631,1.5,613.33
92639,1.45,1420.0
92649,1.45,1200.0
92667,1.45,1725.0
92696,1.45,1725.0
92768,1.45,1275.0
92774,1.8,960.0
92778,1.45,1930.0
92793,1.45,697.5
92830,1.45,680.0
92852,1.45,616.67
92918,1.45,910.0
92920,1.45,1515.0
92925,1.45,1995.0
92936,1.45,850.0
92943,1.45,1905.0
92945,1.45,1295.0
92973,1.45,802.5
92977,2.25,481.25
92998,1.45,1715.0
93024,1.45,1445.0
93051,1.45,730.0
93083,1.45,1565.0
93178,1.45,1870.0
93228,1.45,1815.0
93241,1.45,1520.0
93313,1.45,568.33
93333,1.45,1685.0
93420,1.8,837.5
93426,1.45,1725.0
93492,2.2,1035.0
93522,1.45,1030.0
93528,1.45,550.0
93624,1.8,1080.0
93653,1.45,965.0
93665,1.45,1560.0
93680,1.45,1020.0
93683,1.45,950.0
93692,2.45,1425.0
93694,1.45,1925.0
93782,1.45,1985.0
93787,1.45,578.33
93841,1.45,451.25
93867,1.45,487.5
93932,1.5,452.5
93990,1.45,1935.0
94002,1.45,613.33
94012,1.45,1120.0
94032,1.8,850.0
94054,2.15,1900.0
94072,1.45,586.67
94090,1.45,591.67
94130,2.15,591.67
94142,1.45,638.33
94153,1.45,1640.0
94157,1.45,1060.0
94172,1.45,1585.0
94177,1.45,568.33
94182,1.95,837.5
94186,1.45,1395.0
94209,1.45,1245.0
94210,1.45,1315.0
94213,2.15,1950.0
94220,1.45,1820.0
94272,1.45,1080.0
94324,2.4,1580.0
94332,2.55,521.67
94333,1.45,1750.0
94343,1.8,1825.0
94368,1.8,1305.0
94374,1.45,1570.0
94394,1.45,441.67
94420,1.45,490.0
94438,1.45,1900.0
94441,1.95,1805.0
94487,1.5,1285.0
94497,1.95,485.0
94555,1.45,1230.0
94569,1.45,480.0
94598,1.45,960.0
94609,1.45,1960.0
94666,1.45,1130.0
94732,1.45,1740.0
94799,1.45,950.0
94835,1.95,980.0
94840,1.45,780.0
94863,1.45,1030.0
94908,1.45,600.0
94923,1.5,1520.0
94941,1.45,1905.0
94948,1.45,1360.0
94958,1.45,1390.0
94965,1.45,462.5
94975,1.8,660.0
94991,1.45,1790.0
95000,1.45,820.0
95001,1.45,700.0
95011,1.45,462.5
95032,1.45,1635.0
95044,1.45,1860.0
95048,1.45,1630.0
95059,2.4,1265.0
95067,1.8,1705.0
95069,2.4,1655.0
95092,1.45,1810.0
95108,4.5,1255.0
95132,1.45,1240.0
95139,1.45,1385.0
95149,3.0,1145.0
95160,3.5,615.0
95185,2.2,1085.0
95213,1.45,1750.0
95222,1.45,1480.0
95241,1.45,1900.0
95243,1.45,875.0
95267,2.55,1970.0
95314,1.45,855.0
95398,1.45,1545.0
95418,1.45,658.33
95467,1.45,1240.0
95543,3.0,581.67
95578,1.45,1550.0
95627,1.45,458.75
95633,1.45,1060.0
95690,1.45,1915.0
95710,2.25,705.0
95714,2.0,603.33
95754,1.45,1210.0
95757,1.5,446.67
95765,1.45,1260.0
95785,1.45,795.0
95802,1.45,496.67
95843,1.45,1215.0
95870,1.45,1285.0
95876,1.45,980.0
95924,1.95,1135.0
95936,1.45,1230.0
95957,1.45,546.67
95970,1.45,880.0
95988,1.45,1055.0
96107,1.45,443.33
96142,1.45,1410.0
96188,1.45,825.0
96218,1.45,1310.0
96236,1.5,1415.0
96239,1.8,1685.0
96290,1.45,870.0
96342,1.45,1360.0
96404,1.45,1875.0
96407,1.8,1570.0
96416,1.45,1520.0
96425,1.45,451.67
96430,1.45,1435.0
96474,1.8,1475.0
96498,1.45,601.67
96502,1.45,1815.0
96509,1.45,1820.0
96514,1.45,1080.0
96517,1.8,820.0
96560,1.45,625.0
96564,1.5,1545.0
96570,1.45,1920.0
96585,2.65,1295.0
96593,2.4,1145.0
96618,1.45,656.67
96622,1.8,458.33
96627,1.45,496.25
96641,1.45,1720.0
96671,1.5,535.0
96673,1.45,510.0
96675,1.8,1220.0
96722,1.45,463.33
96759,1.45,1380.0
96804,1.45,935.0
96808,1.45,1360.0
96827,2.15,1680.0
96870,1.45,995.0
96873,1.45,1655.0
96882,1.45,620.0
96883,1.8,935.0
96902,1.45,520.0
96905,1.95,1395.0
96916,1.45,442.5
96952,1.45,1985.0
96975,1.45,1180.0
97015,1.95,1160.0
97033,1.45,1455.0
97094,1.95,1470.0
97097,1.45,497.5
97106,1.8,1505.0
97116,1.45,1765.0
97124,1.45,855.0
97138,1.45,1710.0
97163,1.45,490.0
97250,1.45,990.0
97272,1.8,1580.0
97288,1.8,830.0
97306,1.45,1820.0
97337,1.45,475.0
97348,1.45,800.0
97372,2.4,485.0
97374,1.45,1240.0
97381,1.45,460.0
97419,1.45,1465.0
97446,1.45,1620.0
97454,1.45,1660.0
97460,3.0,456.25
97503,1.45,507.5
97507,1.45,1905.0
97573,1.45,483.33
97581,2.25,1190.0
97587,1.8,558.33
97595,1.45,556.67
97602,1.45,602.5
97640,1.45,1780.0
97659,1.45,1470.0
97671,1.5,1935.0
97731,2.15,645.0
97747,1.45,463.33
97790,1.45,1535.0
97791,1.45,493.33
97806,1.8,1810.0
97829,1.45,1785.0
97832,1.8,485.0
97861,1.95,1715.0
97886,1.45,556.67
97914,1.45,1235.0
97922,2.2,840.0
97955,1.95,1310.0
97960,1.45,1105.0
97961,1.45,1460.0
97979,1.45,1015.0
97997,1.45,1345.0
98062,1.95,1530.0
98064,1.45,445.0
98066,2.15,1480.0
98119,1.95,488.75
98135,3.0,1820.0
98171,1.8,568.33
98184,1.45,658.33
98187,1.45,558.33
98203,1.45,1920.0
98219,1.45,492.5
98220,1.45,576.67
98230,1.95,1105.0
98238,1.45,461.67
98245,1.45,1995.0
98249,1.95,1955.0
98303,1.45,1560.0
98305,1.45,1980.0
98346,1.45,1600.0
98405,1.45,1240.0
98410,1.45,1980.0
98434,1.45,1180.0
98443,2.4,1780.0
98452,1.8,588.33
98468,1.45,997.5
98473,1.45,622.5
98475,2.0,1290.0
98491,1.45,451.25
98519,1.45,1810.0
98542,1.45,995.0
98556,1.8,1540.0
98560,1.45,1685.0
98569,1.45,1315.0
98574,1.45,1405.0
98590,1.45,1000.0
98611,1.5,650.0
98626,1.45,538.33
98668,1.8,1255.0
98674,1.45,705.0
98679,1.5,1505.0
98708,1.45,1670.0
98761,1.45,463.75
98837,1.45,905.0
98847,1.45,445.0
98861,2.65,1635.0
98889,1.45,1630.0
98898,1.45,540.0
98923,1.95,1660.0
98985,1.45,1760.0
98993,1.45,1600.0
99023,1.8,1595.0
99051,1.45,1965.0
99059,1.45,515.0
99064,1.8,1785.0
99102,1.8,500.0
99152,1.45,1795.0
99211,2.55,520.0
99214,1.8,1240.0
99275,1.45,522.5
99283,1.45,905.0
99325,1.45,640.0
99376,1.45,1980.0
99403,1.45,1880.0
99434,1.45,1425.0
99481,1.45,1010.0
99483,1.45,1795.0
99539,2.2,1510.0
99569,1.45,462.5
99580,1.45,497.5
99581,1.8,1390.0
99658,1.8,540.0
99663,1.45,1425.0
99666,1.45,637.5
99689,1.45,910.0
99693,1.45,915.0
99726,1.45,1755.0
99772,1.5,598.33
99794,1.45,491.25
99799,1.45,540.0
99807,1.45,807.5
99812,1.45,1020.0
99814,1.45,497.5
99826,1.45,1165.0
99836,1.45,1445.0
99840,1.95,1775.0
99851,1.45,1550.0
99868,2.25,1155.0
99887,1.45,1195.0
99891,1.8,1580.0
99895,1.45,470.0
99952,1.8,1940.0
99988,1.45,1565.0
100019,1.45,1080.0
100053,1.45,995.0
100086,1.45,581.67
100094,2.2,667.5
100098,1.45,1170.0
100105,1.45,895.0
100126,1.45,586.67
100137,1.45,815.0
100144,1.95,481.25
100166,1.45,1460.0
100171,1.8,965.0
100214,1.45,488.33
100223,1.45,1730.0
100250,2.4,1180.0
100264,3.5,1910.0
100273,1.45,1785.0
100301,1.45,782.5
100338,1.45,1155.0
100376,1.45,1185.0
100384,1.5,915.0
100420,1.8,910.0
100466,1.45,1610.0
100472,1.45,596.67
100483,1.45,1920.0
100569,1.45,1170.0
100573,1.45,920.0
100593,1.8,1830.0
100608,1.45,1735.0
100613,1.45,1705.0
100636,3.0,480.0
100640,1.45,445.0
100645,1.45,1415.0
100656,1.45,1240.0
100687,1.5,1770.0
100688,1.45,1255.0
100736,1.8,1690.0
100766,1.45,1505.0
100796,1.45,1105.0
100800,1.8,1515.0
100820,1.45,1890.0
100859,1.45,483.33
100873,1.45,727.5
100925,3.5,1330.0
